0.40
1.01
1.62
2.11
2.71
3.32
3.93
4.54
5.15
5.76
6.50
6.98
7.59
8.33
8.94
9.42
10.03
10.76
11.25
11.85
12.59
13.20
13.68
14.29
14.90
15.51
16.12
16.73
17.34
17.95
18.56
19.17
19.78
20.39
21.01
21.62
22.23
22.84
23.45
24.06
24.67
25.28
25.89
26.50
27.11
27.72
28.32
28.93
29.54
30.15
30.76
31.37
31.98
32.59
33.20
33.81
34.55
35.03
35.76
36.37
36.98
37.59
38.20
38.81
39.42
40.03
40.65
41.26
41.87
42.48
43.09
43.70
44.47
44.80
45.28
46.01
46.50
47.11
47.71
48.32
48.93
49.54
50.15
50.76
51.37
51.98
52.59
53.20
53.81
54.42
55.03
55.64
56.25
56.85
57.46
58.07
58.68
59.42
60.05
60.66
61.27
61.88
62.48
63.09
63.70
64.31
64.92
65.53
66.14
66.75
67.36
67.97
68.58
69.19
69.80
70.41
71.02
71.62
72.23
72.84
73.45
74.19
74.79
75.40
75.89
76.50
77.11
77.84
78.45
79.06
79.68
80.16
80.89
81.48
82.09
82.68
83.29
83.90
84.50
85.11
85.70
86.31
86.92
87.51
88.12
88.71
89.32
89.93
90.53
91.14
91.73
92.34
92.95
93.54
94.15
94.75
95.36
95.97
96.56
97.17
97.76
98.37
98.98
99.59
100.20
100.81
101.42
102.03
102.64
103.25
103.86
104.46
105.07
105.70
106.31
106.92
107.53
108.01
108.75
109.36
109.97
110.58
111.06
111.80
112.42
113.03
113.64
114.25
114.86
115.34
115.95
116.69
117.17
117.78
118.53
119.01
119.75
120.36
120.96
121.57
122.18
122.79
123.40
124.01
124.62
125.11
125.84
126.45
126.94
127.55
128.16
128.77
129.38
129.98
130.59
131.20
131.81
132.42
133.03
133.64
134.25
134.86
135.47
136.08
136.69
137.30
138.04
138.65
139.26
139.87
140.48
141.11
141.72
142.33
142.93
143.54
144.17
144.78
145.39
146.12
146.75
147.35
147.96
148.70
149.31
149.94
150.55
151.16
151.64
152.39
153.12
153.61
154.34
154.95
155.45
156.19
156.80
157.28
158.03
158.64
159.25
159.86
160.47
161.08
161.69
162.31
162.92
163.41
164.14
164.75
165.36
165.98
166.59
167.20
167.81
168.42
169.03
169.64
170.39
171.00
171.61
172.22
172.83
173.44
174.06
174.67
175.28
175.89
176.37
176.98
177.73
178.32
178.93
179.54
180.15
180.76
181.37
182.11
182.59
183.32
183.93
184.42
185.15
185.76
186.37
186.86
187.59
188.06
188.79
189.28
190.01
190.50
191.11
191.72
192.33
192.94
193.42
194.16
194.77
195.37
195.86
196.59
197.07
197.81
198.29
199.03
199.51
200.14
200.75
201.36
201.97
202.58
203.20
203.81
204.42
204.91
205.65
206.26
206.75
207.48
207.97
208.72
209.20
209.93
210.42
211.04
211.65
212.26
213.00
213.48
214.23
214.84
215.33
215.94
216.56
217.17
217.78
218.39
219.00
219.61
220.22
220.83
221.43
222.04
222.53
223.26
223.75
224.48
224.97
225.58
226.31
226.80
227.41
228.01
228.62
229.23
229.84
230.58
231.19
231.67
232.40
233.01
233.62
234.23
234.84
235.45
236.07
236.68
237.29
238.03
238.51
239.12
239.86
240.47
241.07
241.68
242.29
242.90
243.51
244.12
244.73
245.34
245.95
246.56
247.30
247.90
248.39
249.00
249.73
250.34
250.95
251.56
252.17
252.78
253.39
254.00
254.61
255.22
255.83
256.42
257.03
257.64
258.24
258.98
259.59
260.18
260.67
261.40
262.01
262.62
263.23
263.83
264.44
265.05
265.53
266.14
266.87
267.48
268.08
268.69
269.30
269.90
270.51
271.12
271.71
272.32
272.93
273.54
274.28
274.89
275.37
275.97
276.58
277.19
277.79
278.53
279.01
279.61
280.22
280.83
281.44
282.05
282.66
283.25
283.98
284.46
285.07
285.68
286.29
286.90
287.50
288.11
288.72
289.32
289.93
290.54
291.14
291.75
292.36
292.97
293.58
294.19
294.80
295.41
296.02
296.62
297.23
297.72
298.45
299.06
299.54
300.15
300.89
301.50
301.98
302.59
303.20
303.81
304.42
305.03
305.76
306.25
306.86
307.46
308.07
308.68
309.29
309.90
310.51
311.12
311.73
312.34
312.95
313.43
314.19
314.67
315.28
315.89
316.50
317.11
317.73
318.34
318.95
319.56
320.17
320.80
321.41
322.01
322.50
323.23
323.73
324.34
324.95
325.56
326.17
326.78
327.40
328.01
328.62
329.23
329.72
330.34
331.07
331.56
332.17
332.78
333.40
334.00
334.61
335.21
335.82
336.43
337.04
337.51
338.25
338.73
339.34
339.95
340.56
341.15
341.76
342.37
342.98
343.59
344.20
344.81
345.53
346.14
346.62
347.35
347.84
348.57
349.17
349.78
350.39
351.00
351.61
352.61
353.09
353.83
354.44
355.05
355.65
356.26
356.87
357.48
358.09
358.70
359.31
359.92
