807.9692338358504 7.051040682686139 0
817.8652487515083 14.84704969458673 0
818.5684845109661 26.58262901633833 0
817.202650882572 36.1085501023933 0
818.8077967938218 44.20171840152142 0
818.1108303290177 55.62975191716334 0
816.4075578374773 65.11297494237333 0
817.5558455387973 75.12282892265335 0
816.6215045005097 84.67773253532569 0
819.7455688465908 92.96344634521294 0
815.6078792716262 102.3122048928689 0
817.0710430592716 114.10482283424314 0
814.9278017682126 121.93718836035556 0
817.0931668442087 133.95057557361272 0
816.7797006191969 141.816503469854 0
815.9692672341524 151.9676114484935 0
814.7769050229168 163.40010722541408 0
816.1064963211762 171.83185578458392 0
816.522413282682 184.011273043325 0
814.7184393313954 191.84072720206063 0
815.2607687466731 202.36076433583585 0
813.3603271400335 213.83633515999497 0
814.660616577823 224.39491927635342 0
813.3493808639721 232.76336620738485 0
813.446336019555 243.11737580099268 0
815.3213862994018 254.10044675840632 0
814.7024554614551 262.670723654304 0
811.9029635394777 274.34025915970415 0
814.2010784077435 286.086706995742 0
812.6791002163891 296.2729823515473 0
811.9654187603248 306.8161644003952 0
811.7237446113353 315.8252086742787 0
811.8689678117287 329.0057432695034 0
810.7332588026588 339.6359566818874 0
811.1724900829033 351.36190933665824 0
812.3311280015492 361.1635896373423 0
811.6839126228099 374.7068534058681 0
811.7321200560517 384.05073267643644 0
810.5741559750144 395.69374226210977 0
810.2878492133486 407.5323317446182 0
809.6936834025219 421.85914599313435 0
809.9433458672871 432.10620972777525 0
810.0955222737371 444.4336224815142 0
810.8606459013592 457.456022944753 0
809.7337525384502 467.49999999999994 0
810.1486672321246 480.64866272778943 0
809.4246592914789 493.4933848906926 0
806.6878765023326 507.4087798847762 0
807.3299052968831 521.2863167332572 0
806.7349255660674 534.9792144297867 0
806.4354477739817 546.203138560717 0
807.287575250908 560.8705473150729 0
805.3606724289442 574.0341342679883 0
806.5650635622202 589.4521170043176 0
806.7154823135685 604.3791281932115 0
806.5160710576484 619.5327490340878 0
808.2928560337118 633.5547797032748 0
804.7034155759058 649.3138016094152 0
803.993307897936 664.41234249172 0
804.9885225885154 678.8243355248536 0
805.1304118960056 698.6565821919723 0
805.0030648945577 712.4570622222566 0
803.7729869711237 728.8168394154443 0
803.2575483742528 745.6495899414047 0
801.4663619868736 762.1598720764074 0
800.8255727487634 780.1297341029984 0
803.0948460494118 797.7861043217484 0
803.2420168876291 817.3850147306921 0
801.6476574634993 835.6584429557832 0
803.4454439600667 857.3799732789491 0
801.9894876908918 876.4455839544752 0
799.0164176396315 893.9651919075653 0
799.2083564175682 916.4725871690486 0
798.8111683415768 937.9364143334906 0
796.5737858189947 958.1159657087414 0
796.0302320546834 980.5635469743748 0
797.4412495327906 1002.5210489279423 0
797.3169019596464 1026.7841827031966 0
797.5731149705553 1053.0518155704235 0
795.9040192591083 1076.781218320229 0
793.4033299820786 1100.8906194410729 0
791.4036993910628 1125.6359023192801 0
791.55853612944 1154.7445968181094 0
792.7015020996815 1180.554246347413 0
789.3630845123192 1212.7303578327696 0
790.8007368703909 1240.3528508312652 0
787.936684667638 1269.3272946545233 0
790.1151920232305 1306.6931481163026 0
787.506336861535 1338.5226069823875 0
787.7037282286751 1375.4082435897517 0
785.6779181854805 1411.0050350284826 0
787.3957730397527 1446.5880189601774 0
782.2323941461874 1486.7792309379101 0
781.90289083871 1520.7655536926354 0
781.83931982811 1566.757249215946 0
780.0337150982597 1609.990187333453 0
681.1793201503939 1458.7990724563294 0
659.1247462112784 1455.7330005642923 0
637.7854635045212 1454.294915944604 0
619.1725810121536 1457.9716440736245 0
596.3793019257845 1453.4004018970525 0
575.6555417735945 1450.9795647166604 0
555.1753874718626 1449.3047606164369 0
536.8029844679803 1451.9457826882756 0
516.3422026823513 1450.858618104858 0
495.4504008687245 1445.4455715380707 0
477.6350211690725 1449.324251695534 0
459.44729650459243 1450.9969613112983 0
439.90780019478456 1449.7262249569005 0
419.88161458904005 1445.2419969437992 0
401.89724487147674 1447.2327402891065 0
381.35858722189886 1438.3009518011581 0
362.5424389731486 1436.9714610747844 0
345.2479616072194 1439.1677612446924 0
327.00558248633365 1439.3204469550114 0
310.1526183718592 1443.0458597414984 0
288.9365710024645 1443.3640074275575 0
270.4271400482453 1440.8418240477777 0
253.13545248252356 1442.964809930051 0
238.3676585976665 1441.4235530664353 0
221.19295044628558 1442.1354578100031 0
204.06216619372333 1444.659002092994 0
185.87781309738267 1439.0449744876407 0
165.6299675205342 1442.5223443188486 0
148.54570493324766 1442.3710249259323 0
134.44132518572496 1443.7539714516136 0
114.03384582738472 1442.4996644733808 0
99.92985720874516 1443.5452967046929 0
29.60843310477152 740.4082257032808 0
18.49619180772939 720.762714690911 0
9.592017892992857 686.933033994392 0
0.0 0.0 0
-0.0 0.0 0
-16.066668140172574 671.8079057103106 0
-22.21318534961045 662.6277796747008 0
-30.721002824868403 644.2679721866007 0
-39.28239580598126 636.7895204694737 0
-45.04149123349352 613.3484034930417 0
-0.0 0.0 0
-60.36127149614898 620.0689614094292 0
-66.08219303514252 603.392197300948 0
-75.51231655068608 600.2690147335185 0
-79.5246006198873 586.6343306492106 0
-86.62723593751018 586.638493447052 0
-93.6387759411231 586.5729107623775 0
-99.76252587441289 573.385941954594 0
-105.28054866736676 571.3816641022865 0
-110.9913013278051 565.2052114317067 0
-117.52452429497538 556.7306226436981 0
-123.15469328424115 551.4144734426768 0
-127.5298724329253 541.1766177850275 0
-134.4382565022705 536.4096896856261 0
-138.0667039958024 529.2887541292895 0
-142.78434450284786 517.6694224743162 0
-146.1852533572285 510.48101992227186 0
-151.2775485821124 501.6882530964689 0
-158.50897565147628 503.6456141354948 0
-163.1421280523621 497.9564700398487 0
-169.01903905564612 492.82204134627136 0
-172.24433936462583 486.403009403564 0
-177.92028707156686 484.3556249785598 0
-184.66560469954976 481.8242568000802 0
-192.5716856130295 481.951393711188 0
-198.62446695790192 483.81537917442154 0
-204.59462585822257 484.57923920648307 0
-211.1406651979788 487.2172200361508 0
-220.67050035762844 492.85345719789154 0
-0.0 0.0 0
-0.0 0.0 0
-0.0 0.0 0
-0.0 0.0 0
-879.6740476991929 1778.3221220590262 0
-0.0 0.0 0
-896.7911452566091 1758.5339467264598 0
-917.6861897641785 1739.8106382926 0
-936.5473786877832 1734.2779498895331 0
-961.1318015546423 1731.0764454640146 0
-1064.2301883595837 1863.526255834386 0
-1103.1536057841374 1880.279798871821 0
-1130.8806845004544 1875.4223197519495 0
-1161.8099633121064 1875.2689431515475 0
-1184.7320003841837 1863.2428954019092 0
-1204.897411594264 1845.4913241555603 0
-1231.9595795656999 1839.5846254837813 0
-1267.6171582377754 1844.3944101360714 0
-1302.9219100594964 1849.064221785418 0
-1344.4263722271319 1859.9846046836499 0
-1372.6317500470266 1852.9754663143376 0
-1402.7100399248866 1846.6633542402694 0
-1434.1696396373068 1850.253616330096 0
-1470.0095365327336 1851.3692129077922 0
-1504.8223681236468 1849.0445209336467 0
-1542.347267237995 1850.52584614306 0
-1596.3433027955912 1869.0778634448764 0
-1618.0901087343539 1850.2833296595543 0
-1688.96860892577 1885.0321053136865 0
-1734.208708419467 1889.9061234998114 0
-1768.513780257675 1882.6173294216505 0
-1820.1797992240095 1891.446668160867 0
-1857.9411221514422 1885.381602386806 0
-1901.4951546121692 1884.3155725584932 0
-1951.4204109223404 1889.077653204252 0
-1990.7448209686268 1881.2379056851341 0
-2037.183257755689 1879.8586048742916 0
-0.0 0.0 0
-746.8615366276631 634.5059850830139 0
-746.2202166197234 621.2860760615943 0
-761.818276596275 616.4680960470554 0
-781.1261583424414 619.5570391442415 0
-796.2244007600503 616.5028009946905 0
-815.4534509292905 616.0516775137546 0
-832.5805497815077 616.5270700670998 0
-854.5383256359588 616.9929092131383 0
-875.4594511533628 613.4588408249186 0
-892.8497248070229 612.9505436101867 0
-915.9588198955078 612.718075672351 0
-933.1124576731727 608.5204526843215 0
-962.2138667355429 611.3464440575694 0
-983.3227587971809 611.5883844805272 0
-1006.0146800440266 609.0241896147597 0
-1032.8808804260345 608.8990777217022 0
-1062.6937713530892 609.3496109191732 0
-1086.3384937835406 606.1391564023133 0
-1113.777676051306 603.9770594399694 0
-1140.624967407318 604.6947029097037 0
-1170.9408043385001 602.8155876676598 0
-1206.635461918478 603.1847660881207 0
-1241.600071495132 602.3531044688681 0
-1271.035174709703 601.0870025634184 0
-1308.3160697561968 596.7856077501356 0
-1346.9842271484943 598.5895854533168 0
-1385.1212278259563 596.2408776877976 0
-1434.6686773935724 597.1949314133351 0
-1476.083885519915 593.6811963574651 0
-1519.275913306884 590.5088477284097 0
-1568.9464624412678 592.2296834784895 0
-1624.8317271311435 591.0692501797276 0
-1681.750474288529 589.2701776183045 0
-1748.3243494144394 589.3954268948626 0
-1812.9434630332266 591.5107774547236 0
-1871.6360925286351 581.8748466329698 0
-0.0 0.0 0
-0.0 0.0 0
-2213.513412990088 579.0529945635127 0
-0.0 0.0 0
-0.0 0.0 0
-0.0 0.0 0
-2622.9042518051674 559.9082834378985 0
-0.0 0.0 0
-2638.095236888324 530.9750663704816 0
-2635.4543902329538 497.4978964798227 0
-2634.3607393076563 464.50887525903846 0
-2639.612332904474 433.67237862077394 0
-2629.8136410028515 399.60006706121277 0
-2624.5312292206904 366.51852183120496 0
-2626.6537731269214 335.55022890486515 0
-2627.4709650130485 304.0087630536323 0
-2628.952088376099 272.1395175694789 0
-2628.013333663605 240.55543661764796 0
-2624.702062759711 208.87336293772685 0
-2629.022553441669 177.38493029298238 0
-2630.917045538236 146.6304862447136 0
-2630.4939674250318 114.84984693292986 0
-2631.6571087071648 84.08247255550839 0
-2616.4820070637893 52.06636833356198 0
-2615.9119851892 21.458931555356912 0
-2630.9823280818696 -9.643097059863493 0
-2626.6830752962105 -40.804680521267414 0
-2610.0072994475195 -71.99233869423622 0
-2625.9739072406196 -103.17479581483256 0
-2609.5841031807004 -133.56574570816883 0
-2606.817150008176 -164.46381493583579 0
-2623.5940863045794 -197.26903028006842 0
-2617.1229953481425 -227.58784506200593 0
-2617.2231020397426 -258.9270826882853 0
-2612.971939899085 -289.85969243758717 0
-2609.3478735318586 -320.8499258138744 0
-2608.3907213868088 -351.7411613433983 0
-2609.9018343197813 -384.00054064316447 0
-2612.1461588954717 -415.59288320137824 0
-2605.9663591473022 -446.8504615557141 0
-2605.4808261846592 -478.1952157687337 0
-2598.55191123957 -509.3446422543163 0
-2614.935483986737 -544.38351792376 0
-2607.2136538345326 -575.6187655547609 0
-2601.278330660816 -606.2936965155398 0
-2607.3837200789494 -640.9174176656925 0
-2614.2344473566 -675.113512125281 0
-2613.6360682676923 -708.6398963156103 0
-2609.0190453414652 -740.245649122986 0
-2609.5021717131694 -774.4562065244572 0
-2606.9546502318763 -806.987268570203 0
-2597.999130731928 -838.6301429808894 0
-2592.7549874162723 -870.5438387743864 0
-2591.524360978193 -905.0008212463507 0
-2601.4483281700896 -942.7383496289129 0
-2595.693092604173 -975.6568910262374 0
-2608.1584964087424 -1015.8298369367229 0
-2601.300538197391 -1049.4096006679017 0
-2599.7374797093476 -1084.8290356523876 0
-2603.9104161100795 -1116.0374298711633 0
-2594.853361965289 -1149.3389534412543 0
-2584.00463489588 -1187.9629820986047 0
-2590.35953658131 -1221.6928710777765 0
-2599.7800209265943 -1271.3692786877136 0
-2602.6554529208265 -1303.8809736250805 0
-2590.319233189176 -1336.963451321778 0
-2593.0554893125695 -1377.0109764798356 0
-2582.6735116441614 -1411.0444827331328 0
-2581.184850760525 -1450.8638000185845 0
-2599.5462486441465 -1501.4537292771108 0
-2587.295485234992 -1536.2236399960213 0
-2591.354262605104 -1579.907619349422 0
-2581.4627675739175 -1616.8382663796683 0
-2587.3263938021505 -1663.585925624149 0
-2583.2592626793007 -1704.6397219886655 0
-2589.038650091623 -1753.5700351944167 0
-2587.247383515563 -1796.8447279862207 0
-2576.329059724021 -1834.9652792414197 0
-2579.554933014308 -1885.1846985273214 0
-2578.145132045707 -1930.805189062072 0
-2582.019243106393 -1981.9691289796344 0
-2576.746345170765 -2026.243389291895 0
-2573.958511368531 -2074.698431520469 0
-2574.999923286883 -2127.1989552161185 0
-2576.6706254476003 -2179.769136389327 0
-2576.6808253326617 -2233.565742117969 0
-2572.0267753116964 -2284.3551096709366 0
-2573.993729106463 -2340.5121838009313 0
-2572.694803116369 -2396.559502707585 0
-2567.9491463398067 -2449.7016515920177 0
-2569.7314697218676 -2511.200743373793 0
-2571.2984694176316 -2572.196178593411 0
-2549.2157918231724 -2612.278478018635 0
-2498.259740584872 -2622.514493491468 0
-2436.086041272027 -2617.8733352703644 0
-2360.0074940956847 -2598.1656274787806 0
-2302.464976971065 -2596.0652976806327 0
-2248.128258670677 -2597.141569604235 0
-2195.201595949156 -2597.670293386418 0
-2145.7638688386546 -2601.1692407812625 0
-2091.7113176174066 -2598.7765898113007 0
-2040.790302037373 -2597.110691347253 0
-1985.0328242204807 -2589.751665076646 0
-1935.7395267427344 -2589.440380585314 0
-1881.3039690292212 -2579.9116992864115 0
-1831.8769413502807 -2574.845018976703 0
-1781.3615704492354 -2568.779273376098 0
-1734.0603543868292 -2566.017086331232 0
-1692.3822550383497 -2568.5829367243155 0
-1644.0444341352468 -2561.845799143445 0
-1606.1852898908444 -2570.433779450127 0
-1565.170018630956 -2572.229346846578 0
-1527.397682230713 -2578.5781586595826 0
-1477.7624175258507 -2564.72576260078 0
-1437.441764631846 -2564.636655218841 0
-1398.3203923998894 -2566.8324994433547 0
-1351.1596434385972 -2564.872047089851 0
-1318.3469615337942 -2576.2758565446 0
-1282.7845491376356 -2581.889385797492 0
-1237.7209404759449 -2567.2060442253837 0
-1196.4216513047875 -2543.6776981939215 0
-0.0 -0.0 0
-2241.2103217519734 -5384.161986202906 0
-0.0 -0.0 0
-2176.2091371192587 -5410.761295004489 0
-0.0 -0.0 0
-2161.321213422524 -5526.395444809373 0
-2254.14553944138 -5971.72645781909 0
-0.0 -0.0 0
-0.0 -0.0 0
-798.2841769433604 -2519.561742216662 0
-0.0 -0.0 0
-770.7898688801472 -2538.5610053791747 0
-735.7454604171623 -2529.1568985485137 0
-699.8799279173259 -2518.5638936700493 0
-665.7651569159377 -2509.1777051131107 0
-635.9897553779423 -2518.952367762103 0
-605.5572738422179 -2522.327573511573 0
-573.1389652968417 -2518.6108723775624 0
-542.5961968193245 -2520.2526395576306 0
-510.9717232264661 -2522.773057185877 0
-481.81097054404603 -2530.5402957991805 0
-448.23735189112097 -2516.3901280146597 0
-421.2390875679581 -2536.2568148957066 0
-388.6903567910102 -2528.2966215493143 0
-357.6757884610084 -2525.8006711434687 0
-327.41759758057236 -2527.8842372218246 0
-296.7188633955182 -2529.6574701143377 0
-267.0133043928624 -2531.9596946391553 0
-237.13143381166762 -2536.941600253822 0
-207.2053979349882 -2536.550989644522 0
-177.59998215254373 -2539.7980719615125 0
-146.8433029830815 -2523.7315713777916 0
-116.39460563323348 -2524.317986264703 0
-86.79993562595945 -2523.5076324781203 0
-57.330891938419875 -2526.3495737584585 0
-27.91720056425205 -2538.8465156272555 0
-4.332603927378299 -3102.99697527136 0
32.0227158274798 -3057.832327919736 0
66.92571515594476 -2995.252401493214 0
102.42232501152242 -3008.2569151153352 0
141.43952288092046 -2944.6050433576347 0
169.41093134200588 -2938.1199662950853 0
205.93428949296495 -2959.8446020713704 0
238.09891096148124 -2927.332900200959 0
275.0020486212815 -2953.223640914128 0
315.15331675197376 -2998.4835145353445 0
349.7297522623275 -2990.620353769855 0
384.93199326027894 -2988.3099505514265 0
422.5670446465757 -2995.3400629609087 0
457.86650288833295 -2992.170995369885 0
493.963634347633 -2993.5189874029656 0
539.3945345326664 -3046.619361869199 0
571.6075027623983 -3019.3697790740594 0
606.6103776235377 -3008.4522349140643 0
639.8660983480212 -2992.3521477568247 0
682.6171665215035 -3016.7337973328295 0
722.0240638176788 -3026.0539075284505 0
740.8053669690382 -2951.449882391681 0
778.3352931799444 -2950.0500286250212 0
805.0527863181727 -2912.7948797059753 0
0.0 -0.0 0
0.0 -0.0 0
0.0 -0.0 0
0.0 -0.0 0
0.0 -0.0 0
0.0 -0.0 0
0.0 -0.0 0
0.0 -0.0 0
0.0 -0.0 0
0.0 -0.0 0
0.0 -0.0 0
0.0 -0.0 0
0.0 -0.0 0
0.0 -0.0 0
0.0 -0.0 0
0.0 -0.0 0
0.0 -0.0 0
0.0 -0.0 0
0.0 -0.0 0
339.8216660049978 -572.7802679157058 0
342.0415929882065 -558.5987367208147 0
339.15990848541725 -539.2027044406987 0
341.6457897824597 -529.3185754570865 0
339.719368635033 -507.8501260945148 0
0.0 -0.0 0
337.1360238579598 -476.8598341412759 0
337.48919448701304 -465.53844481901507 0
336.428862187494 -452.6716477616289 0
334.11262936271225 -440.6560460272103 0
335.74222722648005 -428.03406039356565 0
333.66132302109173 -416.92459932200535 0
336.7721562940935 -405.3560345486751 0
333.2879216204646 -395.23178174573843 0
331.84164206425953 -380.6653708864202 0
331.4294142843401 -373.0355791973994 0
332.77006073472995 -362.3921724852845 0
331.6181876217581 -351.1671648068202 0
329.3402063733335 -343.67285092944144 0
330.6555508173125 -335.42198305075306 0
331.71394740526074 -328.7169863223072 0
327.0236618395407 -316.3550609632439 0
327.6821824412951 -306.96154044197425 0
328.2982195789071 -300.4085202209146 0
329.10966583642215 -296.53975762625583 0
331.6183703572215 -289.1872342300411 0
334.4289569182516 -285.93228704462575 0
339.4570658400314 -284.63643556522516 0
344.8993801364778 -281.19284767126163 0
353.54351420546556 -280.014256000029 0
359.52881069505383 -280.49070266267324 0
368.65756560000676 -281.758051040031 0
376.7364828893119 -281.01534203703403 0
383.81415564162006 -278.1414998325677 0
389.82430154675893 -276.6243191109227 0
399.6102858529695 -276.60010744847517 0
409.74450226186116 -277.7308820894422 0
418.8523145051032 -276.706954436852 0
428.15777545976545 -277.0937013238393 0
0.0 -0.0 0
453.62890680883254 -279.8389088519028 0
462.69011343318715 -276.47578362522887 0
469.59134524700346 -274.62696238554145 0
490.0102568141635 -277.23446433825205 0
0.0 -0.0 0
511.65345975125524 -275.2666654801679 0
0.0 -0.0 0
0.0 -0.0 0
0.0 -0.0 0
0.0 -0.0 0
0.0 -0.0 0
0.0 -0.0 0
0.0 -0.0 0
0.0 -0.0 0
0.0 -0.0 0
0.0 -0.0 0
0.0 -0.0 0
824.1013145931726 -272.54545177970743 0
827.3236796436287 -262.6014643921973 0
422.843910863241 -132.10612039523193 0
279.121514032638 -85.76234840609182 0
339.4519374577122 -103.91045258397003 0
230.9196585437017 -68.97181524405619 0
0.0 -0.0 0
0.0 -0.0 0
0.0 -0.0 0
827.2563269862156 -219.9612908247164 0
826.8637920302957 -209.5358428271403 0
826.340956062187 -199.14975353796137 0
823.804708352525 -188.07126972563114 0
823.0152260535486 -177.79183806920452 0
825.0966012907385 -167.86780077928017 0
824.0565738999818 -157.64441954038136 0
823.9007564725629 -147.50099485745412 0
823.9301170709126 -135.5144353325952 0
823.238675567372 -127.1498448684824 0
823.6792102103432 -117.37358590102508 0
823.0122336829272 -107.4749422341731 0
822.9996711168887 -90.8600095833859 0
821.843996075253 -82.75533889157518 0
821.7848781476675 -72.76409861891564 0
819.5883564246343 -62.919996925991256 0
819.3978888191904 -51.26499584174115 0
818.9426197080123 -41.62914394721602 0
820.3838030961142 -31.802761162454956 0
817.7006943238327 -22.12633052094167 0
818.8777445508975 -14.150599960249627 0
816.9880417088161 -4.420373829644332 0
