899.987663022684 4.712367448277622 500
898.8343251973581 17.258500717321013 500
899.6177306792264 26.22858455119011 500
896.159857918872 38.8137740348316 500
896.6259301386151 49.65824607316714 500
895.0998781222876 58.3541616807736 500
894.1854974636027 71.00208536211738 500
893.2798729810515 81.60924290150221 500
893.4344993198715 90.43669291305676 500
895.2615242797312 101.52735170549923 500
890.760984995459 113.79309122226906 500
889.6062608234578 122.4936761784295 500
890.0445014699487 133.49451450569236 500
889.0551323124458 146.2257559696627 500
889.5537215177608 155.2519775523068 500
886.3167424823409 167.47128707779063 500
887.5798502814519 176.71165602289972 500
885.387442221128 187.38750533887944 500
885.0181578924958 198.47382749514716 500
886.4560982003849 210.03948667655266 500
881.9604207389426 220.0609375831779 500
883.1154582843756 231.68100340592753 500
880.7155901256936 244.40959332553072 500
881.2118028174093 253.68239705444938 500
879.0505092188197 264.564174147094 500
876.7547887169236 275.4306454662276 500
877.2258706955843 287.0605716262232 500
877.491710743415 298.89345522542817 500
875.7139452246338 310.10657222817315 500
874.7316517127665 321.66525689271344 500
873.655710134248 333.0926299842475 500
873.421625157344 344.75449918384527 500
873.8349541573057 357.1392906036796 500
871.3128455076288 368.41542483099016 500
869.6282303545654 379.93123189649333 500
868.5673226335794 392.1731837506687 500
869.229546944606 402.7455707000077 500
867.0544106356754 416.7261078900886 500
864.6611873938614 428.46940499251247 500
864.07527618013 438.56004958754755 500
864.1273154917598 451.5628224522084 500
861.0946708896403 465.78639714515293 500
860.8754580330136 476.6019783387907 500
858.3915494879427 491.20764221222055 500
859.5909410490067 503.10974356146517 500
858.6113049302072 516.5177896704495 500
857.4326544517351 529.9747570213619 500
856.9928443845453 543.8641969036817 500
853.7324829495184 556.3289023202465 500
855.8456691123993 569.4841443460473 500
853.8804257907263 583.1331052610956 500
853.4521046411124 597.8156112746268 500
851.2952959371509 614.6513801459155 500
850.0772081791993 626.501987334644 500
851.3589355592494 643.1772406136755 500
849.7615080384712 658.4302388683127 500
846.5863448195106 672.1997922977519 500
846.1860622225705 688.6582229961828 500
844.7430834032258 704.563072437387 500
841.6439125741125 719.0858950271098 500
840.704229366463 735.4627106287181 500
840.8066616945354 750.4486375829401 500
837.0078670301936 765.0972686721382 500
836.1698734249954 786.5900728946602 500
837.8233612017826 803.7244648662545 500
837.4996320203065 822.7213175588994 500
833.0240064561012 838.567233242407 500
831.5060694394197 861.0497410053654 500
831.3018570551754 877.8486329980906 500
828.8157102957219 896.6077840209721 500
826.8269283216327 916.0312388790097 500
825.6514336145348 937.1769897784854 500
822.1292199390103 956.1509011251699 500
821.4825651793973 979.0047983060539 500
819.7696051065193 1001.2061698488985 500
819.3338250889334 1020.8687883685822 500
812.1982700964797 1041.813308636574 500
814.1190881116194 1065.5942522237558 500
811.9823890088322 1089.7548347860215 500
810.5558629113204 1115.6344352430526 500
807.086895008624 1139.0464186789484 500
807.8886043927022 1164.1327256341572 500
805.3673769295667 1191.3133039539134 500
801.0564083285942 1221.8140736935766 500
800.9585728720665 1248.1003022765208 500
796.4686541425069 1274.6162885231083 500
794.2808995244441 1305.335915636523 500
788.6936615466927 1332.01588137532 500
786.0712014665758 1364.8139309901896 500
781.793986395128 1395.9936113164754 500
782.0346803684191 1429.0076132411139 500
775.7837256804305 1466.4380692580887 500
775.1829543542007 1500.6040074845507 500
772.2954733589031 1540.2235882589735 500
740.5684680022762 1522.4346764970776 500
673.1075280742825 1434.9743048743865 500
649.9857068949708 1430.2306040748272 500
628.6875828694888 1428.8012189054568 500
608.5515067606765 1428.8016180069612 500
587.8743340703586 1427.7043697283175 500
566.2035879235787 1423.529942439732 500
546.8694910061283 1424.64373083473 500
527.6891260429221 1426.5290695446963 500
506.26878929746096 1419.4156942148002 500
486.8667470826712 1418.788486908862 500
467.8667268867218 1418.8504945456043 500
448.8271989927474 1416.5980888891263 500
429.41101628528406 1414.2454451377382 500
407.7134725183752 1414.4093199378347 500
0.0 0.0 500
162.48320015388967 671.6250513997754 500
154.10613562225748 665.3873300293404 500
142.6807849775427 657.7014471613942 500
131.38709589783687 649.8510837349835 500
122.84322901858964 640.3229974663461 500
112.14415588188821 632.1294869736253 500
105.13532493325162 628.2639281792165 500
93.02814055309517 618.0378346551557 500
83.63025863189705 604.2400018545296 500
76.55036752532476 595.0966654517043 500
66.10951826079679 590.309691259872 500
60.133703363524276 588.9379744249709 500
53.063006822199924 587.6089833443556 500
46.9965696567113 584.1124227753609 500
38.6324003995074 584.7251812940607 500
30.514572101996876 584.2036125268587 500
24.70128033628 584.4782688430328 500
17.76297581611974 584.7302597695419 500
11.017623130531351 589.8971198273082 500
3.8732062809171297 583.9871559144991 500
-3.1597286615818305 583.9914520905123 500
-9.851554192395271 575.9157463379468 500
-18.155418747158144 577.7147918913929 500
-25.183518938987802 581.4548910911745 500
-32.29444956205973 583.1063955467163 500
-37.131483719355664 591.8363396385855 500
-45.67446902157183 592.2413721444977 500
-53.76930050700984 588.5489464122647 500
-58.38165780766284 590.1191252888088 500
-63.891241306346366 563.3887727709297 500
-71.59587588038087 560.4453858824436 500
-77.7852186831833 555.5811909652895 500
-83.77176348584474 550.6644092752606 500
-90.89053167342368 545.4795241364449 500
-95.24872155479292 545.7505666897447 500
-104.65785659593848 547.0792749252561 500
-110.3948125056134 547.9908624893762 500
-0.0 0.0 500
-121.72308275830386 562.9915551087912 500
-0.0 0.0 500
-0.0 0.0 500
-0.0 0.0 500
-0.0 0.0 500
-463.38657044163216 1798.2552339238005 500
-484.04787489965736 1805.2309145383938 500
-491.0112465430268 1731.735532859525 500
-516.3398966717314 1743.134277990375 500
-541.4215996069287 1751.2143362475863 500
-556.9478544772919 1727.435697035679 500
-574.8454013991009 1712.071483463908 500
-625.4231540635072 1790.9368716851118 500
-646.9641657081243 1796.028498740928 500
-647.285470273385 1720.2515862434084 500
-671.9521822737439 1722.5798282627 500
-698.3394841155172 1729.3197983384314 500
-741.5968161335549 1785.0835168978997 500
-771.3294953748582 1795.3180246309473 500
-793.8920445793639 1789.8322327954643 500
-815.8049365343301 1781.0511799289254 500
-840.1855594192202 1777.4262926330903 500
-867.7916733066688 1780.814030644304 500
-892.7649749033366 1777.383385650334 500
-918.7001413823541 1775.3847611782755 500
-958.1950359171959 1799.8286788313058 500
-975.4751894018306 1780.266315712754 500
-998.0073310995813 1771.177678007345 500
-1034.8064870824835 1785.8531670582581 500
-1062.8902112374942 1784.4308333066638 500
-1099.6500051197254 1797.280964746522 500
-1106.5388934895236 1761.241515861746 500
-1152.607191513685 1786.441340226691 500
-1169.8628544482528 1766.7999042851984 500
-1187.682177401552 1747.6212534421488 500
-1213.2177717202585 1739.7539016717653 500
-1246.5769963452526 1743.1278760271287 500
-1279.3071946352798 1744.1164243692022 500
-1307.1279420751944 1738.4020084681988 500
-1337.433918367691 1735.439861821678 500
-1373.1139215495969 1738.0400336144987 500
-1492.8605841396954 1807.125694666004 500
-0.0 0.0 500
-1493.1925169548897 1763.830237667424 500
-1479.9442934671636 1700.0826121791783 500
-1534.9224924720234 1720.9442007524449 500
-1536.1928325211777 1688.8459317861298 500
-1530.5332530449898 1635.5634996304857 500
-1573.6470955294255 1641.557436927445 500
-1604.5119730232454 1633.9037084311462 500
-1647.4755344125451 1637.7281103748871 500
-1664.2689897917378 1623.5250936211573 500
-1675.2878857160645 1594.797636057001 500
-1710.2102254602046 1589.7817412246739 500
-1889.9348350758312 1714.8907601263963 500
-1928.4159367373538 1707.9191944987897 500
-1984.1015957904756 1715.6543525960258 500
-2021.4318786034144 1705.824774168165 500
-2060.354640569737 1696.6142033717472 500
-720.8164451486748 558.7196545703645 500
-697.4837953757269 525.0193855356879 500
-0.0 0.0 500
-718.691247750037 514.7221487438587 500
-735.4074131598627 513.5999772873038 500
-750.3865161584082 513.0312625636443 500
-768.161695594402 511.7192681749764 500
-785.0846134078432 509.64512142299316 500
-802.1534797275415 507.1003795709453 500
-820.9765915164272 505.2657084961036 500
-836.1562984122884 503.40703672620646 500
-861.1410037272216 504.42062973244214 500
-879.3175067112606 500.9438315730537 500
-897.35981952502 497.4146703727419 500
-919.0455315890647 495.26892782222217 500
-945.320255253991 494.8319058089619 500
-963.5541286616266 492.22702195138936 500
-988.141204623522 490.08770615592374 500
-1011.9944769185811 486.8225330510981 500
-1037.722416156964 483.8979096931009 500
-1059.6998237702728 481.5934836573816 500
-1092.054354181083 477.78791059856036 500
-1124.2727477170035 478.84735432166565 500
-1150.300670946909 473.6500463623872 500
-1182.6430548836283 473.7419178577291 500
-1213.4918582926189 466.30195137649486 500
-1251.7203796608114 467.00330956192806 500
-1286.264809868085 462.83024846591337 500
-1327.733441327015 459.50942186414665 500
-0.0 0.0 500
-1404.86971110715 452.6776941861759 500
-1452.179918765047 448.9693570117466 500
-1505.5025419197061 445.3785988047734 500
-1551.980947150869 439.45891694297364 500
-1605.3539321360972 434.05961868753843 500
-1659.8473510695435 431.4299145254297 500
-1732.803734175519 428.50463104542723 500
-1793.2588993378183 420.9352918747913 500
-0.0 0.0 500
-1942.9607295592932 411.2172216607896 500
-2024.1297056227263 403.72631177030723 500
-0.0 0.0 500
-0.0 0.0 500
-0.0 0.0 500
-2557.925124415673 359.03768309616765 500
-0.0 0.0 500
-2578.810073438583 331.2681770585432 500
-2568.7059917757156 298.5724833529335 500
-2562.1689716899295 266.58237096508816 500
-2557.1448760662456 235.86878303019577 500
-2558.8030875184863 204.97746048251383 500
-2560.0882812490972 174.08041880419623 500
-2555.9583180103077 143.7952592887496 500
-2558.5036539245316 113.04889585847106 500
-2558.6656479411836 82.6444314259824 500
-2552.4767892021955 51.68404573995772 500
-2552.906639091887 21.83327919866896 500
-2550.9844584350235 -8.904651760234874 500
-2548.7061506490522 -38.703457774353744 500
-2547.055620544679 -69.36617224381487 500
-2534.044835906473 -99.56289276499824 500
-2530.709945805005 -129.08590242015956 500
-2528.971921179448 -159.55256778231544 500
-2541.82490535552 -191.12077468030955 500
-2523.4764169078207 -219.44423735898783 500
-2532.6360436088003 -250.55871689797948 500
-2518.5023201388826 -279.825058661773 500
-2516.050536098616 -309.3779239019291 500
-2513.133394476825 -339.78896622078855 500
-2524.6880218222627 -372.3632533792627 500
-2520.1612002155416 -401.8600812822302 500
-2513.243282833913 -431.4025976859861 500
-2512.702498763067 -462.98072606733615 500
-2510.0606438234477 -492.9092861050799 500
-2505.0129437102023 -522.8681973923709 500
-2503.4165242486465 -554.0773466934236 500
-2497.638186963794 -583.9764438915428 500
-2494.415547307173 -614.5340327046644 500
-2500.3863844701373 -648.0408384942685 500
-2492.6376052219807 -677.2346484293531 500
-2492.957372613613 -709.6672025192024 500
-2485.3179716453033 -739.4887286611444 500
-2487.8269553109712 -772.4908028113618 500
-2481.1979879347723 -803.3184578163491 500
-2472.437150746884 -833.0279320686848 500
-2468.190298757475 -863.8643696318805 500
-2479.223926965711 -901.3837806177328 500
-2474.738656300723 -933.6453197070563 500
-2467.37768149881 -963.975298875214 500
-2470.4219111621237 -999.6202183079733 500
-2469.4541230486116 -1033.5014920928822 500
-2460.500151458753 -1064.7534947918473 500
-2469.6018540377518 -1103.6719089173644 500
-2464.50222449065 -1136.6726817693109 500
-2458.761802102755 -1170.1364879877954 500
-2450.7762045879845 -1202.7451912293454 500
-2443.684472331772 -1234.9292286137645 500
-2437.5057695737537 -1268.8851891698728 500
-2445.845912207065 -1310.901511838319 500
-2449.38171616914 -1350.458517873214 500
-2448.5001872716057 -1380.785223317121 500
-2438.2398966840788 -1420.7991435167796 500
-2426.958344682306 -1453.6554588955814 500
-2427.1610848774044 -1493.7834742882726 500
-2425.591189566924 -1532.210292712888 500
-2433.1850706725745 -1570.4860431904826 500
-2424.891889307637 -1614.14631467226 500
-2427.7323628671265 -1651.124336410677 500
-2414.8210686099374 -1683.9760112892225 500
-2407.827657234206 -1730.1996916708877 500
-2417.4114841696114 -1773.1682706965169 500
-2412.665213077409 -1814.7747985924152 500
-2407.9129073199 -1855.6819314640716 500
-2396.376642283828 -1893.2234385609338 500
-2398.272437056212 -1942.0827267797988 500
-2400.4525157415997 -1991.479028177255 500
-2394.9364399799356 -2035.3693641342431 500
-2387.2056200297693 -2078.0939169581065 500
-2376.18661543616 -2119.3379080793247 500
-2380.0210211290637 -2174.781814110043 500
-2371.95437458757 -2218.85926657706 500
-2372.497874273412 -2273.554449879778 500
-2368.4959733626706 -2325.078025392872 500
-2368.240107457312 -2380.6727606772374 500
-2361.1473809385025 -2429.7174826483943 500
-2354.427863131172 -2481.916686214826 500
-2348.1491475278017 -2535.77041172194 500
-2340.2408167835874 -2589.087275365604 500
-2341.3091940199474 -2653.825966034258 500
-2339.490952826398 -2715.112904032433 500
-2336.0708743300847 -2777.1233084086616 500
-2304.9958670968135 -2808.145838924077 500
-2248.507850333362 -2807.6006566086357 500
-2187.1905308730566 -2797.462882981513 500
-2126.6617252017813 -2788.6123621905185 500
-2064.8767987576994 -2776.307584896197 500
-2015.3400994185881 -2777.953974362332 500
-1960.3755851827445 -2771.813948485614 500
-1910.7942021036856 -2769.8538801183972 500
-1859.4472531986144 -2766.1064535863634 500
-1806.8267001616593 -2759.0181723908468 500
-1750.2884490199233 -2743.1745014175517 500
-1706.5245401184002 -2745.917514051302 500
-1659.3585006778658 -2743.167032141518 500
-1606.3903211674074 -2728.198331511049 500
-1557.0194198993327 -2718.709165404852 500
-1514.4367549915808 -2719.7886526586162 500
-1469.6710965192613 -2713.570133248056 500
-1422.917974113541 -2704.5222200870558 500
-1382.0570172720159 -2705.432017443643 500
-1341.409596450348 -2704.622209209803 500
-1303.9734456079268 -2710.6673077213645 500
-1267.5349874646554 -2715.7621500332048 500
-1213.7269938026568 -2684.358914995304 500
-1177.7037438004788 -2690.5358001406216 500
-1135.447434844264 -2694.538016563429 500
-1098.3898458256413 -2696.9026208944074 500
-1067.5612027855657 -2696.3518090759294 500
-1026.4974671143955 -2703.6950549216403 500
-976.8028254896449 -2667.7963265803196 500
-1791.411379800063 -5208.541952247561 500
-0.0 -0.0 500
-1734.7813440034927 -5242.424790924276 500
-1701.2148289362674 -5353.181960834821 500
-1618.8523011376956 -5314.927396221061 500
-1615.4528980009188 -5542.3678093699655 500
-1603.444074556315 -5750.64058168916 500
-1460.0399839683323 -5715.460107919025 500
-0.0 -0.0 500
-577.8614464594431 -2585.203502375741 500
-0.0 -0.0 500
-549.7829048701518 -2606.6520207945937 500
-515.6284069114898 -2599.351331772202 500
-478.97261632440916 -2571.777835041618 500
-446.93985143230884 -2571.4479907635045 500
-415.3033722095706 -2572.694911766912 500
-385.6347536371537 -2580.342387511241 500
-354.71207083362464 -2582.7559595914054 500
-323.45943952099014 -2585.8480216332837 500
-291.28649521287997 -2580.612558619871 500
-260.6882015309864 -2579.8625276519174 500
-229.86699316403283 -2585.803002058302 500
-198.63429686489926 -2587.38659966171 500
-167.3309479733724 -2580.5806233966673 500
-137.01008799925398 -2588.3763705818433 500
-105.99249184610255 -2571.816788123185 500
-75.78529823671059 -2583.8888498871565 500
-45.67133032266436 -2590.5974464564265 500
-14.029411677194151 -2592.9620466964016 500
16.355023742350767 -2602.948619008525 500
46.71920038370075 -2573.5759783452104 500
77.22773092370545 -2586.84747860719 500
108.82548519872779 -2585.710930048303 500
139.00016876713804 -2583.263043726424 500
169.77959725962705 -2583.4271594829916 500
200.82679028557465 -2592.232358470898 500
275.9350815390849 -3153.9524141584666 500
1675.7538015368682 -15654.564356654411 500
1875.1049019694494 -15771.92666121074 500
0.0 -0.0 500
0.0 -0.0 500
0.0 -0.0 500
0.0 -0.0 500
0.0 -0.0 500
1575.6618791732446 -7723.922490711584 500
0.0 -0.0 500
1477.6401092334536 -6822.82497999066 500
0.0 -0.0 500
1423.9195422694295 -6222.149318133022 500
1381.7546986927791 -5724.6026021585485 500
1369.7203441537613 -5346.32838299438 500
869.8733684082484 -3206.088633044022 500
924.2591024832882 -3253.255156220733 500
966.787567574193 -3253.391737738322 500
997.0677284704625 -3217.029677333231 500
1038.8653681633477 -3216.389085112501 500
1106.9152571398402 -3292.9340432980193 500
0.0 -0.0 500
0.0 -0.0 500
0.0 -0.0 500
0.0 -0.0 500
510.7721202114433 -1225.844949907902 500
0.0 -0.0 500
0.0 -0.0 500
0.0 -0.0 500
0.0 -0.0 500
0.0 -0.0 500
0.0 -0.0 500
0.0 -0.0 500
0.0 -0.0 500
0.0 -0.0 500
0.0 -0.0 500
469.5187644308218 -792.3339762040717 500
469.144190041416 -770.3945281155519 500
0.0 -0.0 500
0.0 -0.0 500
0.0 -0.0 500
463.71878672800773 -682.3414737765136 500
460.2316734374794 -660.4633273429625 500
459.88798960649575 -637.4159058383276 500
456.8239002250302 -617.3620689540229 500
456.8667037002438 -602.3361312839149 500
455.5894917409873 -583.1279576689741 500
451.1301034105398 -563.7070425290035 500
453.44648546496586 -552.821205110179 500
449.1321935841776 -534.3072830181756 500
444.8648188763854 -514.2910585710009 500
445.63193231958894 -502.9872571915807 500
444.76461651162816 -490.3350241409075 500
443.54778159954503 -475.1477301199305 500
442.2454925595361 -462.62179402917593 500
438.44788312790064 -449.60811133771017 500
438.3860934169085 -437.0110217130245 500
437.3389153377818 -423.81089312471954 500
435.8728443072545 -412.32858692492306 500
435.6639520036091 -402.30078414613735 500
434.5347050802306 -391.6689802382071 500
435.51507856012023 -381.53324409122246 500
433.02465362986 -372.19705714680197 500
429.8767808944868 -360.45381569320836 500
429.4414439786998 -349.99435165940787 500
429.70154627753305 -340.08907822318713 500
430.5022339830938 -330.93326598510095 500
432.91736965524154 -326.10818918081 500
439.2309138254411 -322.6471824455746 500
443.1750634620616 -318.9229736557053 500
452.558408098377 -316.06152448449467 500
462.11857217079154 -314.52730446628783 500
471.88264507261744 -314.34975628950343 500
481.5237815025505 -314.2607959123823 500
489.2985741342439 -309.5608265756438 500
503.20840328312636 -309.93919220590107 500
514.1282506007312 -311.24450506672673 500
525.2119871642725 -306.29457804368013 500
536.867708586125 -306.0997606622449 500
550.5449804629349 -308.32000338457885 500
565.6361167033115 -307.8827430707959 500
580.5518901757554 -305.44312533327326 500
588.8464436092936 -302.49605922835934 500
600.7140170110449 -301.2086814261071 500
629.369907626562 -306.4204943768166 500
637.5358637912952 -300.9535219595994 500
650.3873774831872 -299.4198711016725 500
0.0 -0.0 500
685.572337608692 -294.119992359842 500
0.0 -0.0 500
722.6411035265415 -293.58105438522796 500
741.9499293141977 -291.06580422759555 500
0.0 -0.0 500
0.0 -0.0 500
0.0 -0.0 500
0.0 -0.0 500
0.0 -0.0 500
924.5985386145292 -283.2075959289882 500
923.0967186829861 -270.80703084798995 500
357.26357312903417 -100.0186948278932 500
0.0 -0.0 500
924.0269206810993 -245.1739175699679 500
921.0949766643564 -232.5597642836972 500
920.8728850667051 -220.9120402986743 500
920.0272131513768 -211.39046113983252 500
918.0352725591238 -197.31253973656933 500
916.4243034736328 -185.44944325305195 500
916.5654183782964 -174.34687789868372 500
916.6293954466903 -162.94646790598196 500
913.5922040653793 -151.08039141782257 500
915.2963906319826 -140.38702680826682 500
914.9176956366871 -129.23470977587428 500
911.4692481104418 -117.40872944115334 500
911.0144557440663 -104.60239684320254 500
910.3961941995842 -91.67207637505 500
910.2527844607779 -82.67931047971261 500
908.1916910308796 -71.47623620806657 500
904.9848941076517 -60.426330659426945 500
903.6499371542457 -49.4144825038963 500
905.1785768211356 -38.57128548627208 500
903.5783661163885 -27.606815941679795 500
903.8423666506553 -16.881239508475122 500
900.989995940752 -4.24584675697541 500
