2303.00
2304.00
2290.00
2302.00
2286.00
2289.00
2298.00
2290.00
2294.00
2289.00
2285.00
2281.00
2278.00
2283.00
2281.00
2284.00
2283.00
2298.00
2288.00
2285.00
2297.00
2293.00
2301.00
2303.00
2318.00
2308.00
2311.00
2316.00
2318.00
2329.00
2336.00
2341.00
2343.00
2349.00
2366.00
2365.00
2374.00
2374.00
2381.00
2390.00
2394.00
2411.00
2426.00
2435.00
2444.00
2451.00
2458.00
2429.00
2422.00
2212.00
2292.00
2255.00
2197.00
2144.00
2093.00
2044.00
2005.00
1960.00
1928.00
1953.00
1968.00
1973.00
1982.00
2000.00
2024.00
2500.00
2546.00
2576.00
2626.00
2664.00
2716.00
2749.00
2810.00
2843.00
2887.00
2953.00
3002.00
3054.00
3056.00
3018.00
2982.00
2949.00
2907.00
2885.00
2839.00
2811.00
2794.00
2747.00
2725.00
2707.00
2682.00
2645.00
2630.00
2612.00
2572.00
2558.00
2541.00
2509.00
2487.00
2477.00
2454.00
2437.00
2417.00
2406.00
2381.00
2370.00
2356.00
2339.00
2322.00
2310.00
2294.00
2286.00
2272.00
2255.00
2243.00
2233.00
2228.00
2224.00
2197.00
2190.00
2182.00
2177.00
2171.00
2157.00
2153.00
2139.00
2129.00
2126.00
2122.00
2116.00
2107.00
2100.00
2094.00
2094.00
2087.00
2076.00
2076.00
2071.00
2069.00
2069.00
2068.00
2065.00
2056.00
2056.00
2051.00
2050.00
2048.00
2046.00
2050.00
2046.00
2047.00
2047.00
2048.00
2048.00
2044.00
2100.00
2100.00
2164.00
2169.00
2170.00
2173.00
2200.00
2201.00
2212.00
2212.00
2221.00
2223.00
2228.00
2240.00
2245.00
2250.00
2262.00
2269.00
2277.00
2295.00
2297.00
2307.00
2312.00
2317.00
2296.00
2286.00
2322.00
2307.00
2247.00
2260.00
2252.00
2228.00
2230.00
2240.00
2247.00
2254.00
2276.00
2288.00
2298.00
2309.00
2321.00
2342.00
2357.00
2369.00
2385.00
2408.00
2418.00
2441.00
2458.00
2483.00
2492.00
2499.00
2474.00
2426.00
2400.00
2363.00
2328.00
2285.00
2266.00
2231.00
2207.00
2175.00
2138.00
2117.00
2087.00
2068.00
2054.00
2020.00
1996.00
1971.00
1770.00
1734.00
1699.00
1668.00
1655.00
1645.00
1643.00
1648.00
1658.00
1549.00
1506.00
1481.00
1472.00
1461.00
1464.00
1464.00
1470.00
1467.00
1452.00
1437.00
1425.00
1419.00
1407.00
1405.00
1415.00
1454.00
1487.00
1490.00
1443.00
1424.00
1423.00
1430.00
1416.00
1422.00
1429.00
1423.00
1355.00
1348.00
1344.00
1343.00
1337.00
1331.00
1328.00
1327.00
1335.00
1388.00
1406.00
1393.00
1355.00
1322.00
1312.00
1312.00
1307.00
1306.00
1288.00
1280.00
1277.00
1279.00
1277.00
1280.00
1286.00
1290.00
1293.00
1294.00
1298.00
1308.00
1320.00
1403.00
1406.00
1398.00
1386.00
1385.00
1383.00
1380.00
1375.00
1376.00
1378.00
1383.00
1387.00
1466.00
1472.00
1474.00
1478.00
1480.00
1488.00
1489.00
1492.00
1499.00
1502.00
1511.00
1514.00
1517.00
1521.00
1529.00
1532.00
1540.00
1545.00
1552.00
1564.00
1570.00
1574.00
1579.00
1589.00
1599.00
1606.00
1617.00
1626.00
1633.00
1645.00
1651.00
1665.00
1677.00
1683.00
1697.00
1712.00
1718.00
1733.00
1748.00
1758.00
1778.00
1789.00
1797.00
1786.00
1756.00
1738.00
1708.00
1683.00
1667.00
1642.00
1618.00
1600.00
1579.00
1565.00
1545.00
1522.00
1510.00
1493.00
1480.00
1461.00
1444.00
1432.00
1416.00
1408.00
1395.00
1377.00
1368.00
1354.00
1344.00
1332.00
1318.00
1310.00
1299.00
1288.00
1276.00
1270.00
1257.00
1248.00
1239.00
1231.00
1223.00
1216.00
1209.00
1199.00
1195.00
1190.00
1180.00
1176.00
1170.00
1164.00
1160.00
1156.00
1149.00
1147.00
1139.00
1137.00
1131.00
1126.00
1122.00
1119.00
1119.00
1112.00
1111.00
1109.00
1108.00
1103.00
1102.00
1101.00
1096.00
1096.00
1097.00
1094.00
1092.00
1089.00
1090.00
1085.00
1090.00
1081.00
1083.00
1082.00
1082.00
1080.00
1082.00
1081.00
1080.00
1081.00
1082.00
1080.00
1082.00
1082.00
1083.00
1082.00
1085.00
1087.00
1086.00
1088.00
1091.00
1092.00
1095.00
1094.00
1100.00
1102.00
1104.00
1106.00
1109.00
1112.00
1116.00
1121.00
1122.00
1126.00
1132.00
1133.00
1138.00
1145.00
1147.00
1153.00
1159.00
1163.00
1167.00
1176.00
1179.00
1183.00
1194.00
1197.00
1206.00
1212.00
1219.00
1226.00
1233.00
1241.00
1249.00
1257.00
1263.00
1276.00
1285.00
1294.00
1302.00
1313.00
1320.00
1332.00
1343.00
1355.00
1364.00
1372.00
1391.00
1396.00
1412.00
1422.00
1438.00
1453.00
1467.00
1486.00
1498.00
1515.00
1531.00
1547.00
1568.00
1586.00
1602.00
1624.00
1646.00
1665.00
1685.00
1709.00
1736.00
1756.00
1786.00
1810.00
1832.00
1866.00
1894.00
1927.00
1957.00
1989.00
1975.00
1957.00
1947.00
1940.00
1916.00
1906.00
1892.00
1884.00
1871.00
1864.00
1857.00
1842.00
1836.00
1827.00
1819.00
1805.00
1800.00
1790.00
1776.00
1773.00
1770.00
1762.00
1757.00
1747.00
1738.00
1717.00
1705.00
1727.00
1721.00
1697.00
1712.00
1774.00
1855.00
1970.00
2100.00
2232.00
2307.00
2306.00
