2345.0 0.0 0
2342.643149751425 40.89098828255527 0
2340.5733168787224 81.73462127725728 0
2332.7985931866847 122.2567937835168 0
2336.295005708508 163.36966150874144 0
2314.160283667125 202.46279040280993 0
2313.2579286266036 243.13320556056198 0
2303.6996179595085 282.8587460433473 0
2306.3343320991175 324.1341521359924 0
2297.3630802242906 363.866565683577 0
2285.738794741335 403.0374203649453 0
2296.025982084086 446.3022401857383 0
2288.8653857171053 486.51335651355686 0
2282.9490617918063 527.0603203276758 0
2274.3731823909357 567.0649232856211 0
2270.8916176055995 608.4835750360263 0
2276.267695981939 652.709258574654 0
2262.617052608542 691.7514533739952 0
2259.710282717285 734.224378634875 0
2249.388691350775 774.5266394535757 0
2259.96075299011 822.5584446982333 0
2249.928827858256 863.6667584041736 0
2238.2218249242246 904.3003165060117 0
2237.747298742883 949.8673733574245 0
2233.618643936159 994.4710923203315 0
2221.360386026829 1035.8373595264543 0
2206.5393836644553 1076.201165367185 0
2007.4376989963928 1022.8405959131989 0
2028.1306207969553 1078.3761797191912 0
1913.6679192209979 1060.7634490989856 0
1791.8065604300036 1034.4999999999998 0
1728.9064455161606 1038.8317970935793 0
1628.252344620338 1017.4449873277534 0
1609.4088198872687 1045.162308193837 0
1605.0167404665606 1082.597461119366 0
1606.357158850713 1124.7833916844013 0
1595.3815129073964 1159.1125175207571 0
2149.128157537265 1619.4842273021618 0
2150.481346592744 1680.1401661637215 0
2128.602788430643 1723.7085510855047 0
2131.901685200116 1788.8779177576387 0
2130.5451449688853 1852.054638840202 0
2111.274449181277 1901.0000526655163 0
2119.463027292356 1976.4312474611206 0
2100.4722169888614 2028.402441740272 0
2094.450285874554 2094.4502858745536 0
2091.6163534520406 2165.9321388196786 0
2023.489134305433 2169.9264327040787 0
1953.861370567866 2169.982890393991 0
1873.7045867968889 2155.4505611162367 0
1808.1615460482353 2154.883018493685 0
1732.5190365602027 2139.482831891041 0
1678.9088432130702 2148.905325085531 0
1600.2261465612967 2123.5718212157517 0
1539.9973610062796 2119.624525262362 0
1479.253629349348 2112.59312222131 0
1421.4683606226383 2107.4135094349163 0
1352.3387239423123 2082.419020208488 0
1306.7809055990833 2091.2866051217466 0
1244.8470270576008 2071.7733657970057 0
1201.5000000000002 2081.059045294006 0
1145.6051326420945 2066.726367970392 0
1094.3382128539115 2058.1508389541586 0
1050.0800258975717 2060.898090447695 0
997.2943589451512 2044.756455330605 0
953.0041802252772 2043.7240597676457 0
907.4294507021102 2038.1199160006424 0
857.6548270339558 2020.5081533281066 0
820.0138329874313 2029.6054576466977 0
772.2829312701223 2011.8658191014697 0
730.8970462869543 2008.1231306194861 0
691.832328221458 2009.226973148548 0
648.9356881873897 1997.2186842198223 0
611.0568628705198 1998.676939962744 0
570.8449638970053 1990.7729722882584 0
531.0966805503725 1982.0797955451683 0
494.0045108145214 1981.3438730555847 0
455.3009339919826 1972.1250111253162 0
419.56579207023856 1973.9018582808196 0
381.2363727623367 1961.2911125284327 0
345.3862253795246 1958.7826207412818 0
309.1145029194963 1951.6721610159923 0
274.4493550932491 1952.8086315583766 0
238.49830504387364 1942.4128187620672 0
204.24861722499486 1943.295783549606 0
169.77938687243807 1940.5872718827204 0
135.67634143232357 1940.2620777553582 0
101.16540341761069 1930.3508906805912 0
67.25133014571958 1925.8261236657975 0
33.438810733835375 1915.7081839196458 0
1.173823956982738e-13 1917.0 0
-33.36900110808601 1911.7087931390201 0
-66.65803870177683 1908.836479606473 0
-99.9093404677798 1906.3837818464815 0
-133.16510837753526 1904.3497719460045 0
-165.8573784487936 1895.7585104685918 0
-199.02219406161237 1893.5696887811923 0
-231.7954911565903 1887.8227804217947 0
-272.08341237692775 1935.97407438977 0
-310.6788475698984 1961.5490444219436 0
-350.59567070953227 1988.326853331648 0
-386.3882156375032 1987.7950464815196 0
-421.43699728759816 1982.7051866874242 0
-458.9001508614847 1987.71493216188 0
-495.6979640837193 1988.1359431395167 0
-529.8025853248602 1977.2501664137228 0
-566.71040355975 1976.3540468491838 0
-601.700968319392 1968.0751877719272 0
-637.5020593955163 1962.0295931169019 0
-676.5306249619715 1964.7876000953804 0
-713.7960391206706 1961.138499580191 0
-749.7057504487682 1953.050252232146 0
-787.7976659536631 1949.867646153954 0
-824.4426811123676 1942.265240784649 0
-861.8749466776208 1935.8028247446712 0
-898.9090427224675 1927.7166630269546 0
-939.4293675689931 1926.1156412191147 0
-955.6500019517458 1875.5687334165145 0
-983.0734524736556 1848.8922594465928 0
-1008.8888197326273 1820.0836105570827 0
-1036.4999999999995 1795.2706620451415 0
-1070.7641577380027 1782.0508181596915 0
-1111.7706163612636 1779.204905736182 0
-1152.4561980917972 1774.626921772517 0
-1192.7584631031027 1768.337142259904 0
-1237.7779496455576 1767.730111575644 0
-1277.8451384838363 1758.8029457711357 0
-1319.7803457724422 1751.407673533713 0
-1357.5335530930765 1737.563711702822 0
-1410.3069963426854 1741.584099625072 0
-1463.6273872562501 1744.2831969819129 0
-1499.094881243309 1724.5113908090343 0
-1553.721267965269 1725.5822847585093 0
-1602.0141477868087 1717.9498451034317 0
-1625.5005868740539 1683.2551327924434 0
-1607.9608204182089 1607.960820418209 0
-1613.4791721595946 1558.1187249395307 0
-1595.0824232314108 1487.4384232963093 0
-1579.9258989649397 1422.571669118933 0
-1582.625989727153 1375.7557837930938 0
-1576.5194639388565 1322.8569007348983 0
-1575.27486387328 1275.6324326580204 0
-1557.1092491268826 1216.547075243501 0
-1566.9228707127888 1180.7610754243185 0
-1553.312629199899 1128.5476844015486 0
-1542.4632993961718 1080.0444296490195 0
-1543.6679600974876 1041.2171862625307 0
-1533.9284687721804 996.1447950424849 0
-1528.1826692738796 954.9145141482352 0
-1530.0436317532703 919.342963714447 0
-1482.635491278959 855.9999999999999 0
-1476.3580656513 818.3586389758171 0
-1456.8635282172295 774.6280785967197 0
-1453.231640951228 740.458505075201 0
-1421.8921812452822 693.5031542203203 0
-1431.0599957308702 667.3142352885645 0
-1452.5372776517352 646.7112624905227 0
-1386.2803092993752 588.4410795048462 0
-1368.523369340578 552.9193318818865 0
-1356.4923597004342 520.7086306893212 0
-1362.554300139567 495.9292078222199 0
-1382.3481575262012 475.98064181636295 0
-1424.68266141014 462.90745757367137 0
-1356.0401439555844 414.5830772968405 0
-1355.3789912730297 388.6486717019689 0
-1362.9213408938751 365.19367263965717 0
-1387.5228885746749 345.94831070752485 0
-1418.6828143273024 327.5287351246677 0
-1420.270316265486 301.88777506738654 0
-1403.7268723301595 272.8568633884593 0
-1357.0650836508225 239.28718882502992 0
-1355.1084032965289 214.6280860351969 0
-1359.638058382176 191.0846676181697 0
-1363.7584123551765 167.44847783867272 0
-1344.5936025379056 141.32248233786785 0
-1364.7867363856915 119.40336756429173 0
-1362.6724926549198 95.28734313447546 0
-1361.1320558704842 71.33390835913241 0
-1341.1824898596265 46.835124574756534 0
-1337.7962161192515 23.35131981308524 0
-1345.0 1.64714994485319e-13 0
-1346.794845375659 -23.50839147102106 0
-1345.180053167703 -46.97472256156621 0
-1326.180022154074 -69.50214989062906 0
-1323.7674946947868 -92.56684065845424 0
-1334.900895442939 -116.78869528186165 0
-1360.5059528637978 -142.99493775014997 0
-1278.3994433140228 -156.96771430582973 0
-1250.7085708206032 -175.77562651256275 0
-1231.647360722137 -195.07377790516773 0
-1215.2527672170647 -214.2818512409922 0
-1212.309571557865 -235.64910929003273 0
-1238.334862528998 -263.21620057528355 0
-1244.2705727307455 -287.26249639711557 0
-1242.9488253595514 -309.90194826317406 0
-1243.1465384340308 -333.1001110469443 0
-1339.0375424420781 -383.9628366530796 0
-1331.1762203005453 -406.9814129740496 0
-1324.821727199149 -430.46067316430157 0
-1309.5432272050537 -450.9118939231621 0
-1285.4995052351228 -467.8835560695147 0
-1264.067897477211 -485.2302036843368 0
-1263.7515937745313 -510.58878682588806 0
-1316.3219404369897 -558.7455137396612 0
-1338.3440954464102 -595.8691821060473 0
-1335.8976780920223 -622.9393178057908 0
-1332.9115706616647 -650.1044106882018 0
-1329.3817340890448 -677.3538256114036 0
-1325.3043368812494 -704.6768157416221 0
-1322.4249971947665 -733.0321458124614 0
-1319.8227153674845 -762.0000000000001 0
-1313.180304675636 -789.0383307622029 0
-1311.0823566578347 -819.2551825045346 0
-1300.7780508833528 -844.735143308307 0
-1303.2470640565257 -879.0512442560138 0
-1300.813446330919 -910.8393809254613 0
-1294.427190999916 -940.4564036679568 0
-1293.7895262766144 -974.9403375063184 0
-1286.0335498861702 -1004.7595277314741 0
-1283.0679823654589 -1039.007965623282 0
-1283.8904866674072 -1077.3120338346398 0
-1269.4215139347027 -1103.4912867620328 0
-1273.0070860427763 -1146.2207286927242 0
-1274.7495019222142 -1188.7231415889346 0
-1259.563990392978 -1216.3468066737044 0
-1260.0642840744279 -1260.0642840744276 0
-1258.026308901244 -1302.7243784132972 0
-1244.64700711406 -1334.720505454986 0
-1225.1781402430693 -1360.6981754491092 0
-1191.4031966467612 -1370.552597684554 0
-1142.2335824129807 -1361.2609754224238 0
-1090.612237689369 -1346.79395120493 0
-1052.1654613315497 -1346.7103779138881 0
-1007.4383487565289 -1336.9158438191682 0
-974.5479483009207 -1341.3501766736626 0
-929.7674033250462 -1327.8454637924553 0
-900.300574587902 -1334.7504918136174 0
-857.8064801486674 -1320.9061445140428 0
-819.2551825045349 -1311.0823566578345 0
-791.6135211367538 -1317.4661411791462 0
-755.0000000000007 -1307.698359714502 0
-726.2448111290125 -1310.1803212948153 0
-689.6537257324735 -1297.0500139097637 0
-664.1881011189571 -1303.5425448875822 0
-632.1311936698501 -1296.0610147633986 0
-600.5405499335335 -1287.8633653790798 0
-573.9054033799539 -1289.01264073371 0
-543.5069997285799 -1280.4222511523444 0
-515.0840659468794 -1274.8778000293325 0
-489.53061907888076 -1275.2708625951775 0
-461.3851733463269 -1267.6453454401906 0
-435.6101906636756 -1265.103854151886 0
-410.37456852993034 -1263.0030536399638 0
-384.17642000567656 -1256.5844493354284 0
-359.98238669700055 -1255.4077748954446 0
-334.91184436266167 -1249.9080192180545 0
-311.3534796367724 -1248.7705997172075 0
-287.71239850580366 -1246.2193128603158 0
-263.6320239569194 -1240.2911577304656 0
-240.22852517906966 -1235.868623960609 0
-217.5811666166637 -1233.9641145242967 0
-195.5430813002888 -1234.6104257439222 0
-172.99216449336183 -1230.9032094457718 0
-150.26490041854646 -1223.8094049737501 0
-128.57000981921362 -1223.2619313029763 0
-106.85294060862901 -1221.33469986048 0
-85.38192386280971 -1221.0183975180248 0
-63.79753066014911 -1217.3294028658256 0
-42.367988996835926 -1213.2604640011823 0
-21.1523166019876 -1211.8154065295462 0
-2.226407880849888e-13 -1212.0 0
21.13486419554987 -1210.8155588343898 0
42.15859201662155 -1207.2641190390677 0
63.01249131650451 -1202.3499598445069 0
83.98679438792676 -1201.0671165128285 0
104.76120278268478 -1197.426027106278 0
125.8522697742542 -1197.404362023401 0
146.12134274277207 -1190.0628358179451 0
167.56441355591883 -1192.2827547648508 0
188.03422697835728 -1187.2013853953556 0
209.0724059109837 -1185.7085346266986 0
229.73403043336032 -1181.8791288709872 0
251.36523419867115 -1182.580449287171 0
271.51592259304493 -1176.064668195779 0
292.7254936755976 -1174.0578287939559 0
313.94750170935714 -1171.66802728864 0
335.1750246734712 -1168.8942222609955 0
356.98585146646155 -1167.6481070308662 0
377.9277841205605 -1163.1421194289728 0
400.1232618278451 -1162.0423294115606 0
421.3688165772242 -1157.701308808239 0
444.37625743617247 -1157.6397288565302 0
466.0106022093945 -1153.4167150810836 0
487.6324483546133 -1148.7900571086457 0
511.6746969893561 -1149.2401857143923 0
535.0347193637257 -1147.3856583883987 0
555.4162429817611 -1138.7720566610446 0
581.1078396666197 -1140.488350961111 0
605.1488444310128 -1138.1194471951571 0
627.8284582190067 -1132.6325207455172 0
654.0000000000001 -1132.7612281500458 0
679.8502588812714 -1131.4608369267883 0
702.1430251089962 -1123.6637274072648 0
729.8163069201357 -1123.8185610468686 0
751.555262264684 -1114.226497513976 0
780.6375298737737 -1114.8659322773178 0
809.3802924067352 -1114.0164012543028 0
831.7083619961303 -1103.714274885359 0
863.7730498818989 -1105.5790873102308 0
893.0056348997194 -1102.7701193074415 0
923.0430075098703 -1100.0398203188527 0
951.2855920362352 -1094.3288913230197 0
978.2689464966501 -1086.4777348479508 0
1013.4495630528729 -1086.791600606087 0
1045.4608475407908 -1082.6063995096702 0
1071.9738802788058 -1071.9738802788063 0
1110.660651722877 -1072.5525239886922 0
1148.9566652437172 -1071.4194236581848 0
1179.3708380326248 -1061.910272291508 0
1220.3653912202221 -1060.8474498776504 0
1262.4412422600753 -1059.3139807634172 0
1287.7308581342002 -1042.7838879695812 0
1333.3141951025736 -1041.6992162510137 0
1380.042161361722 -1039.9363600067395 0
1418.2067911392826 -1030.3875472687057 0
1468.7396154101618 -1028.4225503774264 0
1503.874156614846 -1014.3759268959343 0
1562.443268082325 -1014.6625222329952 0
1618.9238155626172 -1011.6158754211883 0
1678.3335747747356 -1008.4445506738867 0
1719.06042651211 -992.5000000000009 0
1782.4749631500888 -988.0420060620346 0
1832.9992027751323 -974.6229643435094 0
1847.0565246424865 -941.1223059600809 0
1837.135030635497 -896.030624036875 0
1841.6174232584729 -858.7603078571008 0
1823.4367334546316 -811.8463395792971 0
1820.758600128927 -772.8661721517838 0
1813.571619532636 -732.7304967215246 0
1809.2788665515766 -694.5170862187929 0
1803.2701392881584 -656.336655041958 0
1800.2673679410993 -619.8817660864264 0
1797.49681579784 -584.042119368651 0
1788.2898936508761 -546.7350878315185 0
1786.9854927493348 -512.409844463801 0
1782.133149503331 -477.52113821415065 0
1772.7302919062456 -441.9913032605932 0
1762.6354471964903 -406.9364573080524 0
1736.2119913025049 -369.0432512015238 0
1755.149404004423 -341.1664837332619 0
1759.8514546328158 -310.3092934908046 0
1769.9375063464868 -280.33056135209415 0
1947.8572912146687 -273.7534895884496 0
2034.7196108647104 -249.83215398055182 0
2241.652352160088 -235.6071562052908 0
2370.9433814583545 -207.4306677394268 0
2368.2170553168226 -165.60186866855426 0
2368.749256437849 -124.14088820826404 0
2350.567225148913 -82.08361624428194 0
2352.6416267029886 -41.065512346928216 0
