1830.0 0.0 0
1828.7214344410397 31.920451373791543 0
1808.8973969045633 63.168089031526755 0
1795.5359034887238 94.10004932481301 0
1793.6201623671639 125.4221397919373 0
1771.2341732071236 154.96291060533622 0
1861.7449881294076 195.6772832370473 0
1839.1880189913697 225.82389332973827 0
2000.341498857972 281.1296639393322 0
2098.8377237646678 332.4232382104906 0
2404.900532855812 424.04884986264386 0
2335.2910694219927 453.9346000008001 0
2324.078699343522 493.9981773829962 0
2309.2570535410077 533.13399879496 0
2303.4820541792155 574.3225801536112 0
2282.482727521068 611.5894035772565 0
2261.8487705428643 648.574698237399 0
2250.185090781022 687.9506212125996 0
2234.0317567773154 725.8809197867514 0
2222.914171233994 765.4107311287754 0
2207.337966226099 803.4053166719958 0
2191.1132609889323 841.0895775828197 0
2177.9548743773835 879.9508879339774 0
2164.106910466687 918.6088830782826 0
2150.4860072906827 957.4580578004337 0
2144.324224128714 999.9148072784949 0
2130.141889729026 1038.9396178901134 0
2103.666403608737 1071.87156988507 0
2096.1175854470926 1114.5254900537047 0
2081.594902991762 1153.8468961862823 0
2060.27443560318 1189.4999999999998 0
2050.344183279453 1231.9710751848495 0
2041.2517674485173 1275.5156690093243 0
2022.0347393164175 1313.1247134212304 0
2015.3903388813062 1359.3979483373857 0
1995.454379887984 1397.2321989511481 0
1974.8104832692468 1434.7838008459269 0
1959.0529061460093 1476.2522517919745 0
1949.53860442303 1523.1464899556786 0
1918.7733788372611 1553.7920455020485 0
1919.707374456159 1610.8257498744674 0
1955.4525223572023 1699.8489441144043 0
1765.7121053342887 1589.8543207086473 0
1693.0838192483795 1578.826203544684 0
1578.9508617433394 1524.775123157499 0
1511.7942981768388 1511.7942981768385 0
1414.3244422545183 1464.5758334894936 0
1352.4027480039344 1450.274390310815 0
1312.83424967608 1458.0501475866474 0
1299.6529364301948 1495.0796784213114 0
1283.646856544019 1529.7907529085992 0
1272.4858307027714 1571.3891340659952 0
1706.6136096027249 2184.3658089978335 0
1674.8512094321507 2222.602624461616 0
1660.4933377262366 2285.4730091092265 0
1641.5757608366941 2344.4131507550946 0
1621.1002271616949 2403.379922837066 0
1594.1584554889844 2454.788752376256 0
1560.0823139025551 2496.653595084518 0
1553.3548339287233 2585.2165789175706 0
1527.5000000000002 2645.70760856146 0
1474.3060551691112 2659.7185294109026 0
1392.922126785738 2619.705508012436 0
1332.46211673557 2615.1041484928596 0
1253.3031086699725 2569.6521783693183 0
1182.9085146122177 2536.755495915583 0
1120.1527150307538 2515.9041903477228 0
1058.8813582059317 2494.5681528561136 0
1003.9456703546441 2484.8527302389903 0
941.7909714050494 2453.449360834646 0
877.6236877736662 2411.251264936641 0
830.1987938657497 2411.0723677782576 0
770.379366976744 2370.9838951238175 0
725.0818277123872 2371.635794788328 0
673.657697616746 2349.3235848732515 0
621.4245272911523 2319.187908920053 0
575.774111527209 2309.3038285368716 0
527.0603203276755 2282.9490617918063 0
485.0579746778328 2282.0183525119683 0
437.9066443891706 2252.8343860123887 0
397.13338232426986 2252.2553311389197 0
351.82111187547935 2221.311077998465 0
310.6343613428661 2210.278329431185 0
270.6718117028326 2204.4450027953762 0
228.29016377655515 2172.035819484309 0
189.6508962189041 2167.7196630476383 0
150.0461750236134 2145.760272108882 0
111.5279227537136 2128.0795385619967 0
73.98693300930229 2118.708553280483 0
36.597696298983706 2096.6806167429527 0
1.2711833775149526e-13 2076.0 0
-36.143933731614084 2070.684576668886 0
-71.78826471704447 2055.74693117828 0
-107.34104625427781 2048.189175781631 0
-142.23344996427156 2034.0330984797815 0
-176.40322332126027 2016.298068937693 0
-210.93843887412487 2006.9451848531755 0
-244.4699028707256 1991.0475801924922 0
-277.9286826172505 1977.565333276916 0
-311.77388882518 1968.4628628061096 0
-344.69163266885664 1954.843389729233 0
-377.42019285480563 1941.6585688594794 0
-410.6255893650747 1931.8415114492661 0
-442.92862600307024 1918.5346575621281 0
-474.6507591665482 1903.720214953505 0
-506.7676903107358 1891.2827678739957 0
-539.1466679780501 1880.2278772553518 0
-571.879054437673 1870.5321026636975 0
-604.1282240030221 1859.3154893570254 0
-635.8346056548269 1846.5977781454658 0
-667.6233197717054 1834.2799957740933 0
-699.5342375124261 1822.3489925225379 0
-751.4608263923196 1859.9308122609755 0
-806.0783180733717 1899.0015126723843 0
-841.9448511669066 1891.0390973201838 0
-884.117403561543 1895.995890480672 0
-918.3875525231174 1882.9735269967548 0
-950.6561064546107 1865.7676616504423 0
-984.4818671620133 1851.5411022251697 0
-1018.585012137554 1837.5760046998707 0
-1054.9999999999995 1827.3136019851656 0
-1087.7604142100347 1810.3373390828613 0
-1123.9587594386273 1798.7100119477798 0
-1164.438256862128 1793.0776742673163 0
-1202.2647424621055 1782.4307809933398 0
-1237.7779496455576 1767.730111575644 0
-1271.9672859609116 1750.7127758273864 0
-1309.5494903788572 1737.830869862909 0
-1337.8323858826554 1712.347367587407 0
-1385.1341807006918 1710.498261166793 0
-1372.994334290448 1636.270930502137 0
-1410.5269123295905 1622.6255974789601 0
-1412.5347100235497 1568.7787265827792 0
-1446.518521692559 1551.2012011342608 0
-1483.7902793004184 1536.5098135233586 0
-1524.5222202381963 1524.5222202381965 0
-1562.4060463355504 1508.7979806369417 0
-1602.3959602476025 1494.2584068969345 0
-1640.863774654086 1477.4403788403592 0
-1688.285330958341 1467.6040478517648 0
-1730.4943970057711 1452.0572102818926 0
-1767.2299163531518 1431.0745692473301 0
-1817.1527978171007 1419.7153621009684 0
-1853.633018819767 1396.8126687359038 0
-1900.3809197867513 1380.7075576350196 0
-1965.1457542492915 1376.0098708061591 0
-1987.2030614144348 1340.3853896193802 0
-1970.8758346717464 1279.9017322853142 0
-1937.7898997174334 1210.8655187728732 0
-1939.76960148888 1165.531163521453 0
-1906.987939133334 1100.9999999999998 0
-1899.6740039067674 1053.0064951750444 0
-1870.0830016752075 994.3407699805165 0
-1841.7104854973563 938.3983629616433 0
-1827.2482961262067 891.2085414221941 0
-1807.17772735108 842.7008139109548 0
-1801.5116424712087 802.0846601454784 0
-1772.8923477494002 752.5481534703413 0
-1779.2658169136648 718.8700527651356 0
-1746.7289779762646 670.5064335992568 0
-1745.0091967994317 635.1314061557671 0
-1725.5714004687532 594.1618818843108 0
-1673.8594686794702 543.8699100999077 0
-1649.6257040362364 504.34119064672063 0
-1628.3773129195122 466.92968075399665 0
-1621.7894623393456 434.5571767271328 0
-1604.869131260498 400.1388153218504 0
-1595.04379605343 368.24487596090734 0
-1573.8394895806935 334.5299105257747 0
-1595.144173102454 310.0646174868856 0
-1533.345671440008 270.37021262741047 0
-1497.3355243422286 237.15464900099016 0
-1484.411835043614 208.62047833913792 0
-1542.4167196506144 189.38495965159927 0
-1512.6678028551437 158.98779263010132 0
-1487.318684250976 130.1235239222537 0
-1467.4167179322014 102.61177287760864 0
-1478.970340971524 77.50955119579977 0
-1491.091113912491 52.0700490801317 0
-1471.775807270208 25.689942275681222 0
-1460.0 1.7879843267551357e-13 0
-1420.783574817232 -24.799869547380048 0
-1419.134974367116 -49.557285317551276 0
-1441.02241865085 -75.52078485856757 0
-1426.5165918715486 -99.75175745409915 0
-1410.6116924979117 -123.41253173068365 0
-1403.2703943646336 -147.48966167065907 0
-1408.422989179036 -172.93259829190404 0
-1391.3266365819063 -195.53820684889206 0
-1361.0345333400999 -215.56669282543794 0
-1351.1562371327493 -238.2452997590286 0
-1347.7741228736427 -261.9807506519959 0
-1359.6251650199897 -288.9972502366857 0
-1339.7588390796984 -309.30769972281433 0
-1324.4536663667352 -330.22338749354617 0
-1316.5569012320002 -352.7703584747359 0
-1328.4636637867568 -380.9308257390926 0
-1289.0988110381718 -394.11705796624915 0
-1288.6815795799332 -418.7180273780536 0
-1229.1741482791117 -423.2386007943038 0
-1241.333952058185 -451.8086093332083 0
-1254.732093212239 -481.6465241888838 0
-1235.9360781375276 -499.3505890234107 0
-1215.9869114106737 -516.1558207343304 0
-1262.5198224620744 -562.1100407307559 0
-1259.7678239809436 -587.439383819572 0
-1256.5140767262353 -612.8428632111303 0
-1256.3191991055987 -640.1266046327609 0
-1223.7653637024725 -650.6875860212448 0
-1203.4767170238088 -667.0980374589597 0
-1202.9092858565853 -694.5000000000001 0
-1197.462719080851 -719.5081906493457 0
-1215.2529217921585 -759.3743056461825 0
-1226.13637033621 -796.2622691919696 0
-1213.7110062205813 -818.6584106811731 0
-1208.249265326263 -846.0252436177931 0
-1203.817287629922 -874.6244554111998 0
-1191.564180990561 -897.9080145428562 0
-1182.8041411636898 -924.1078744638129 0
-1171.936109877112 -949.0151497031551 0
-1162.8554646546086 -975.7515915041666 0
-1155.460367321064 -1004.4263733844663 0
-1144.4430312351872 -1030.4611337926417 0
-1132.8668838080953 -1056.41545973681 0
-1125.0474477296502 -1086.4456913978718 0
-1114.4002871499993 -1114.4002871499988 0
-1109.3694176230185 -1148.785661140826 0
-1093.9253695402476 -1173.0913373971493 0
-1083.3224516949913 -1203.1514724479014 0
-1075.2807485154415 -1236.9690019851234 0
-1059.313980763417 -1262.4412422600756 0
-1049.7064122711295 -1296.279463710227 0
-1035.5426014977568 -1325.4340875665066 0
-1029.7055046131545 -1366.465357690918 0
-1010.4028486907615 -1390.7002133305346 0
-1002.6116107416291 -1431.8777734171572 0
-993.1265965640459 -1472.3707288577543 0
-973.8145946068682 -1499.5429754864183 0
-959.1538682621011 -1534.967054043131 0
-924.4933444635478 -1538.6153047602913 0
-876.5000000000008 -1518.1425328341204 0
-828.5396410009896 -1494.7250795012278 0
-791.9985264197977 -1489.53258915301 0
-747.7223530710338 -1467.4877453382417 0
-714.9833404129857 -1465.933089513941 0
-673.2308909529338 -1443.7483047493836 0
-634.5091631982482 -1425.1309139224575 0
-602.116669001971 -1418.4979791702106 0
-566.4051692448594 -1401.9019881049824 0
-537.1935563684058 -1399.4370593193053 0
-504.13769126203545 -1385.106923038429 0
-475.00393735299156 -1379.5116017994033 0
-442.82135293929986 -1362.863987850955 0
-413.99833388739575 -1354.127534443658 0
-385.61666078798146 -1344.8051126177083 0
-356.3938251061709 -1330.079862800047 0
-329.49762180674753 -1321.5427791879072 0
-302.10926598381104 -1308.5789970065707 0
-277.7700189325271 -1306.8051945803643 0
-251.10463791553272 -1291.8213734171259 0
-225.91627914467637 -1281.2348866688826 0
-202.5826322270992 -1279.0564010707033 0
-177.584876825044 -1263.5820557142436 0
-155.13967415475236 -1263.511251039403 0
-131.39227832744027 -1250.1140224779197 0
-108.94467843457281 -1245.243372614682 0
-86.35851449522747 -1234.9842942216624 0
-64.16388235384971 -1224.3198096091076 0
-42.64718497045593 -1221.255590617335 0
-21.134864195550314 -1210.8155588343898 0
-2.2117121192601198e-13 -1204.0 0
20.85562569255334 -1194.8179957118875 0
41.56530057267903 -1190.274474979743 0
61.965772191645634 -1182.3773691494155 0
82.10336959683538 -1174.1328871558133 0
101.88506327201208 -1164.5516020692505 0
121.77565970681573 -1158.6180081040386 0
141.3684383499713 -1151.3535359039336 0
160.74493160887562 -1143.7596193965137 0
179.89963479626527 -1135.8415916844085 0
199.17445978396867 -1129.5744927050027 0
218.6671087015207 -1124.9447522310227 0
237.01932753224574 -1115.0882648365384 0
256.66915300634986 -1111.7562439199535 0
275.3071171924216 -1104.1965365020842 0
294.01843523646306 -1097.2917386643817 0
313.1240362081113 -1091.99328658593 0
331.54951315558344 -1084.449593262082 0
350.7342886155651 -1079.4491459949993 0
368.5431508455009 -1070.3270275784269 0
387.1668022446573 -1063.7320467296481 0
406.0308868348253 -1057.7466232213296 0
424.8038769336442 -1051.426491078737 0
443.4798308353254 -1044.7730086685199 0
462.45956317718435 -1038.7011853396375 0
480.5169635991754 -1030.471953860671 0
499.74310733954826 -1024.6252127810503 0
518.4571507025622 -1017.5294506231163 0
536.6059962642728 -1009.2090986377536 0
556.0766344225489 -1003.1888040888867 0
576.5000000000001 -998.5272905634577 0
593.8389003712924 -988.3138977095355 0
615.7661850389838 -985.4318877337672 0
636.6830319325661 -980.405893928201 0
654.255697060774 -969.9739598893987 0
673.952312712479 -962.5036520395654 0
692.9988124528255 -953.8310363680632 0
714.3544324814809 -947.9803504261369 0
736.3311244894876 -942.4608613136393 0
753.9258284777053 -931.020861825451 0
777.7730077207125 -926.9137761739636 0
796.4556611944755 -916.2174303904455 0
821.6923846086773 -912.5818456862405 0
845.6779664774982 -906.8785900077712 0
861.3763793691566 -891.9813524199275 0
888.83322395149 -888.8332239514905 0
907.8068280273774 -876.658863519255 0
933.938676967681 -870.9119057998103 0
960.1431145167934 -864.5167434156447 0
979.6130351291579 -851.5646196296785 0
1008.8805315876938 -846.5512819571726 0
1037.4898585450558 -840.1427220515335 0
1055.9344098330075 -824.9863769363819 0
1086.9429291743656 -819.0702465099376 0
1109.1622992880527 -805.853580892981 0
1141.0787976945653 -798.9919758370078 0
1173.0881651653842 -791.2579584111064 0
1195.1055593222293 -776.1106248964135 0
1225.4294989460354 -765.7333368169813 0
1265.1789358363176 -760.1961985672405 0
1287.7797754274598 -743.5000000000007 0
1323.299616901906 -733.5169554327077 0
1348.2609742955813 -716.8830763740552 0
1390.8611842580422 -708.6791700934328 0
1431.7789157545728 -698.325236835001 0
1459.1555371290067 -680.4154014025257 0
1505.5229141950065 -670.3019877889186 0
1551.0506780673618 -658.3819515044265 0
1585.4843913092063 -640.5772747412101 0
1635.6329072230972 -627.8606476033669 0
1663.2559387910578 -605.3756536864335 0
1721.789326166356 -592.8596092664824 0
1775.6225159230517 -576.9347284980272 0
1813.153817305915 -554.3367521543097 0
1873.4990453837836 -537.2172064873309 0
1948.272391625051 -522.0380139717843 0
1977.4626901504807 -493.03682323212314 0
1980.894341708383 -457.32549348107824 0
1963.1422346727477 -417.2787634712441 0
1955.4013494277467 -380.091518790077 0
1929.2383881509156 -340.17678004951665 0
1925.0045758199233 -304.89077236341046 0
1937.954610527253 -272.36175857884894 0
1929.5097187907302 -236.9140035796062 0
1923.4053456422405 -202.1580479596417 0
1898.747094562867 -166.11884567703675 0
1895.371695493666 -132.5373001138387 0
1866.4386004562984 -97.81590221806303 0
1859.8663290825373 -64.94796336335403 0
1850.7180837344802 -32.30440431541187 0
