2381.0 0.0 0
2384.636752947993 41.62398935292118 0
2399.537375672849 83.79369158270482 0
2397.7095129457316 125.65863093930815 0
2393.156156573318 167.3457805121566 0
2396.8444436087398 209.69671705086554 0
2407.7375086865895 253.06340957098905 0
2411.8871484884125 296.14250447450837 0
2416.254087729432 339.5823663425597 0
2412.9226160739217 382.16939809328403 0
2414.748610385934 425.7853316393132 0
2415.784498464701 469.58093762167675 0
2438.5219686293776 518.323845208674 0
2418.386500796954 558.328516881473 0
2435.442272952751 607.223957955166 0
2443.792340511343 654.8121841093774 0
2411.805595109242 691.5741257448509 0
2300.869242847063 703.4463215629047 0
2222.619078581774 722.172715854252 0
2089.59605207449 719.5056213503163 0
2016.5803642065596 733.975227576885 0
1903.5704896277944 730.7122491228672 0
1841.3871351696398 743.9686945240013 0
1831.8046583703563 777.5549456936548 0
1826.1773698275592 813.0665495085246 0
1833.4606531751429 854.956743501435 0
1828.1470901725058 891.6469125689835 0
2478.7801502920397 1263.001570275419 0
2493.44400223361 1325.7876933073555 0
2478.6722500330475 1373.9504637781192 0
2495.019188302968 1440.4999999999998 0
2497.7855142459553 1500.8209502878979 0
2494.957498892205 1559.0224753740888 0
2527.7530917875083 1641.5420515352916 0
2513.641919986886 1695.4728833233046 0
2528.7223607201176 1770.6304590156792 0
2485.3002067198386 1805.6762950424775 0
2397.503801161973 1806.6486995024488 0
2326.9957554006496 1818.0483366366689 0
2240.5118068804472 1814.3306873966812 0
2182.4606184459685 1831.3018999969504 0
2092.054956377524 1818.595628361686 0
2030.2716632042411 1828.0648165724008 0
1970.9982258636644 1837.9855803684334 0
1904.0924514964097 1838.7607066049657 0
1835.6492039602774 1835.6492039602772 0
1784.5773537091638 1847.9839470699947 0
1719.3178657175586 1843.7426817819287 0
1657.4365119508918 1840.7697327075055 0
1612.5930932586668 1855.0761481875736 0
1550.403714563933 1847.699196802975 0
1508.4809773464606 1862.8188696123593 0
1451.1140973425765 1857.341346251044 0
1399.8217438516645 1857.626196370003 0
1350.7305097681033 1859.1210530736294 0
1311.1957334984916 1872.5815732446354 0
1259.8616115195925 1867.821650966509 0
1219.4467993986457 1877.7834016298045 0
1166.352300577284 1866.5538596402935 0
1127.4183459781086 1876.339221236924 0
1080.0000000000002 1870.6148721743873 0
1035.0685392259297 1867.3130747426098 0
999.0354856083758 1878.9124776037963 0
953.8340399527879 1872.0047073197607 0
918.3875525231173 1882.973526996755 0
877.355511373692 1881.4949658880853 0
841.5381145238306 1890.1255518625412 0
801.7802756599897 1888.8759592844076 0
763.0736307882127 1888.673511752546 0
726.4118337283238 1892.367524509828 0
689.1705888012227 1893.4806308836053 0
651.7874452232278 1892.928188349832 0
616.1798867836452 1896.406693492536 0
580.942577284078 1900.1775500985514 0
541.9030415362204 1889.840494214735 0
509.87351885196585 1902.8738777894646 0
473.68307158414933 1899.8390320484011 0
439.7793112422559 1904.893476655135 0
405.42779709463093 1907.387821430921 0
371.6959229935095 1912.2097533560495 0
337.39840920684577 1913.48146410272 0
303.79573110812845 1918.0907574357575 0
270.13498896348705 1922.110321427388 0
236.30465686258097 1924.5469880325234 0
202.7852187392477 1929.3724770144502 0
168.12342776023254 1921.659572618977 0
134.00218606246457 1916.3205405491224 0
103.78220122975789 1980.2823674183198 0
71.4392697500197 2045.753022908089 0
35.759980789994096 2048.6879273754457 0
1.2601615563226264e-13 2058.0 0
-36.074124105864946 2066.6851858882605 0
-72.06746069066448 2063.7420577944326 0
-108.23075751040787 2065.1658778724586 0
-144.67492654531594 2068.9478402388754 0
-181.89403511436274 2079.058334917473 0
-218.25543130286061 2076.5617175289544 0
-255.68188246399916 2082.3618261434935 0
-292.54185821805737 2081.543480494781 0
-329.76385230480656 2082.0470219745503 0
-366.7449512325568 2079.9139743617834 0
-406.613969147417 2091.847527926972 0
-444.72310665918724 2092.2577179696104 0
-482.5200115675905 2090.0237889643295 0
-522.0674507040831 2093.8981773036003 0
-560.0844136018551 2090.263488089544 0
-580.216633994783 2023.4558699501613 0
-617.196668669697 2018.7593398379681 0
-640.5922293392658 1971.5401582798536 0
-677.1817612708858 1966.678637246579 0
-718.2423009839043 1973.3545036504077 0
-762.6069966323989 1986.6591475860453 0
-799.4104703495564 1978.6103456455244 0
-842.8070441513635 1985.5289688969137 0
-887.906091834472 1994.2697340337977 0
-928.0697027825757 1990.2519003324835 0
-970.5537189910176 1989.9300185063555 0
-1020.1166529147614 2002.0916598512626 0
-1059.5973172077559 1992.812717082598 0
-1113.1228880855897 2008.1268475920529 0
-1160.9999999999995 2010.9109875874667 0
-1208.2793237389874 2010.9144874471556 0
-1244.780351683798 1992.0649778714449 0
-1261.3840050948027 1942.3610353616018 0
-1257.0656470022386 1863.6764631037338 0
-1277.3547237537798 1824.2516026315845 0
-1272.5550712132042 1751.5217928217612 0
-1269.22788382767 1684.3222906897404 0
-1280.5758686773693 1639.0623675019817 0
-1273.7444714848707 1572.9434259889094 0
-1290.717520250571 1538.2172417829079 0
-1284.563578763413 1477.721358076188 0
-1298.113376336185 1441.7009614261449 0
-1295.796884118747 1389.572033076424 0
-1302.4844446106201 1348.7621256349707 0
-1302.4906909456204 1302.4906909456206 0
-1312.7951356180383 1267.7515260876698 0
-1309.8544795999344 1221.459062871935 0
-1322.054644524284 1190.383348712409 0
-1283.7609959589352 1115.9564083128528 0
-1284.656531110526 1077.9548214443266 0
-1285.39942024983 1040.895926796431 0
-1289.9736036542038 1007.8378351081028 0
-1288.1990777062836 970.7276323442537 0
-1295.2362079942907 941.0441889202497 0
-1287.7070136222953 901.6621579438442 0
-1264.2822981464385 852.7691777928891 0
-1280.6499572526623 831.6638064679466 0
-1250.8709418307283 781.6309147439772 0
-1266.8932704377219 761.2262747170604 0
-1318.0906645599157 760.9999999999999 0
-1287.4402089091905 713.6397610026083 0
-1283.8058000168799 682.611652290685 0
-1287.5044274521915 656.0162721236452 0
-1314.9356897356813 641.3369877524201 0
-1325.0219846475823 617.8678986649027 0
-1313.6783680900598 584.887292743001 0
-1319.083454997347 559.9177071251294 0
-1308.2564187937369 528.5699033098522 0
-1306.0790166695851 501.356761413875 0
-1327.7856731704885 483.27446251917013 0
-1289.6873371174681 444.07496267956157 0
-1302.9474273243604 423.3532822936781 0
-1334.0451345684346 407.85852808821755 0
-1344.8051126177081 385.6166607879819 0
-1345.534676020672 360.53492982781177 0
-1346.770468071083 335.7875910923388 0
-1316.3739575248526 303.9088744185619 0
-1320.4992609906376 280.68078260397505 0
-1345.8108685067473 261.5991326612432 0
-1341.3081596026273 236.50881798235903 0
-1344.2438315499824 212.90730691975438 0
-1329.930016319929 186.90947458936773 0
-1338.9447585641433 164.40174425354405 0
-1328.681252212013 139.6500269255854 0
-1331.9123113486637 116.527228053619 0
-1358.6822364538805 95.00831723949896 0
-1297.2197656461915 67.98440715958401 0
-1344.1806623406837 46.939823064864036 0
-1346.794845375659 23.508391471020794 0
-1322.0 1.618983068472801e-13 0
-1365.7919515836304 -23.83998719332945 0
-1369.1654330161612 -47.812310482426234 0
-1391.0909419131212 -72.90398704642038 0
-1397.5872344140137 -97.7288197155195 0
-1381.7220462532512 -120.88501519100157 0
-1369.4566499221123 -143.93569391955887 0
-1375.6689661748724 -168.91090995953417 0
-1381.4239558944905 -194.1464758392914 0
-1420.2958337758082 -224.9527607278518 0
-1417.1383565845674 -249.87972766271295 0
-1437.1021965673801 -279.34436923126145 0
-1441.7895634816293 -306.4618322653775 0
-1441.093325817363 -332.7026093745763 0
-1445.7406321512346 -360.4636244435046 0
-1440.1954069970009 -385.8991962478585 0
-1449.582637474985 -415.6611325720345 0
-1449.7580100399616 -443.23550435966894 0
-1447.5080178012238 -470.32386543866977 0
-1456.0986064229478 -501.3749578640214 0
-1453.7044843558003 -529.1051617248094 0
-1462.9205283211152 -561.5625769374858 0
-1455.6786516698562 -588.1323516629818 0
-1461.7617072824753 -620.4810320409664 0
-1462.586277685804 -651.1853655643562 0
-1468.2186149993731 -684.6415840199328 0
-1465.9330895139412 -714.9833404129853 0
-1471.0517714349953 -749.5383150699915 0
-1479.8201656315614 -786.8343392291531 0
-1472.8595868227426 -816.4194004948314 0
-1485.2335674903122 -857.5000000000002 0
-1476.8992591097397 -887.4106030700233 0
-1488.3244087545277 -930.0083087292744 0
-1488.6402581031277 -966.7342871516731 0
-1491.4385930265203 -1005.9880333438733 0
-1484.303504251653 -1039.3205026680957 0
-1491.0183206330285 -1083.2882199750277 0
-1430.3561984947014 -1077.8507064653186 0
-1393.2030123766845 -1088.4894883757636 0
-1335.9139077445327 -1081.8017522146708 0
-1306.1057755178574 -1095.9528745155494 0
-1268.6668043544798 -1102.8352277330423 0
-1222.4732379103136 -1100.7198474603217 0
-1177.4794596068646 -1098.0173597006224 0
-1147.3469815401484 -1107.9801008821007 0
-1103.0865786510144 -1103.086578651014 0
-1072.5525239886917 -1110.6606517228774 0
-1032.545517134623 -1107.269504251424 0
-1006.3724319637226 -1117.689817518001 0
-969.6552448479697 -1115.460759569257 0
-940.3982729714072 -1120.7230202830647 0
-903.7040815475672 -1115.9816006522096 0
-878.548925289714 -1124.4913453967924 0
-844.9482925054758 -1121.2842561063992 0
-821.1359974525851 -1130.1967411418013 0
-789.8147528553909 -1127.9723649859413 0
-762.1799274306276 -1129.978211392522 0
-733.6287801652413 -1129.6892550224861 0
-709.0319755440283 -1134.6883526572979 0
-680.880335031092 -1133.1751715281923 0
-658.0000000000006 -1139.689431380321 0
-631.7069351809769 -1139.629478402633 0
-604.2099013054413 -1136.353552009439 0
-581.5618301663596 -1141.3793574852991 0
-558.484841009285 -1145.0636149851384 0
-533.766864578503 -1144.666735027289 0
-509.2342771309017 -1143.7589129685364 0
-487.2417172261245 -1147.869552255193 0
-464.13756924231535 -1148.7807958082494 0
-440.79257794071987 -1148.303924591558 0
-419.3166957172696 -1152.0631530835237 0
-396.21644397435966 -1150.6961065043686 0
-374.52859718243644 -1152.680497749726 0
-353.47739100978913 -1156.1724499593097 0
-331.59173904784967 -1156.3978202137978 0
-309.5475779426147 -1155.2472882417258 0
-288.370899554804 -1156.592505720988 0
-267.91670572354354 -1160.474747159215 0
-245.75161854659206 -1156.1704640673581 0
-224.77299655356956 -1156.3568221013481 0
-204.383905113977 -1159.118725295369 0
-183.9669308873117 -1161.5214885398818 0
-163.80673982999747 -1165.5455169088282 0
-143.3183478444531 -1167.2342743301947 0
-122.71641587622504 -1167.568705162353 0
-102.23368624300312 -1168.5363808616175 0
-81.68483075437105 -1168.147502854254 0
-61.285404760487786 -1169.395185197606 0
-40.83241114192589 -1169.287267612342 0
-20.436767938058974 -1170.8216510281343 0
-2.1510921027023258e-13 -1171.0 0
20.489125157370395 -1173.8211941136033 0
41.041808122141504 -1175.2836125744566 0
61.599420497945026 -1175.3869624061333 0
82.38239549181188 -1178.1231433568526 0
103.01808792773163 -1177.5021331444432 0
123.86622897216878 -1178.508446011404 0
145.1463879955309 -1182.1224666048145 0
166.17268254631816 -1182.380074077435 0
186.93918572307567 -1180.2875670111896 0
208.89875773331676 -1184.7237268736865 0
230.4972664148665 -1185.805637604778 0
252.19688096194218 -1186.4930396901061 0
275.1151394625468 -1191.6545892323427 0
296.838165900792 -1190.552856140648 0
319.1238826114075 -1190.9865438144213 0
342.61723328053023 -1194.8482880513302 0
365.17225919869816 -1194.4246401978312 0
386.88927695743394 -1190.7227584015322 0
411.8437153883027 -1196.080998133136 0
437.101743170205 -1200.927169364391 0
460.502815165711 -1199.6508480489042 0
486.2393582538537 -1203.4846432276902 0
508.7319292930341 -1198.4973191950776 0
535.6721589308283 -1203.1393677153055 0
560.3918150681677 -1201.7641256105978 0
587.8557078441528 -1205.282816087183 0
612.8871746483879 -1202.858807654297 0
641.7676263283122 -1206.9893594381533 0
666.1284182184675 -1201.7274776095296 0
698.0000000000001 -1208.9714636830763 0
729.2939140726367 -1213.748897794191 0
756.194790060783 -1210.1646332152202 0
788.6373227017585 -1214.3949823849744 0
818.6584106811737 -1213.7110062205809 0
855.2024665994096 -1221.3556980348867 0
881.6778784387094 -1213.5254915624214 0
917.7679103068731 -1217.919152822122 0
959.2005785573759 -1227.7207541192724 0
991.8089362945439 -1224.782035256186 0
1032.316901156582 -1230.2673756490788 0
1062.8156269646215 -1222.629519960891 0
1108.7494147366274 -1231.3909758160428 0
1144.3932481848726 -1227.2115113169677 0
1191.3391053371804 -1233.6677575807869 0
1231.7800128269655 -1231.780012826966 0
1281.863524203476 -1237.8812161579337 0
1330.3323832452716 -1240.5550169536843 0
1372.5884926567471 -1235.884229944811 0
1433.9482024232666 -1246.512155081964 0
1480.763908548984 -1242.508449524081 0
1544.1890254150005 -1250.4596170160278 0
1618.574087908207 -1264.568670318902 0
1662.7591319184637 -1252.9788782025646 0
1669.8110763898912 -1213.188760731665 0
1673.5276264824097 -1171.816659465188 0
1664.707445690524 -1122.8593501692592 0
1676.5024653229027 -1088.7334309950388 0
1674.0469418127848 -1046.0606275963466 0
1680.0479093761398 -1009.4746268237068 0
1680.0892833418104 -970.0000000000009 0
1687.1414150718947 -935.1977574551838 0
1682.0151643962556 -894.343327107122 0
1691.130382909522 -861.6739685056601 0
1688.8340129961343 -823.6993848166771 0
1683.9198683140958 -785.2247303142192 0
1692.7997330117396 -753.6829996194576 0
1693.7289303524901 -718.9452764202639 0
1693.9649022935205 -684.4062461708719 0
1689.7805719599348 -648.6459886769944 0
1695.2054878977788 -617.0043385595062 0
1710.4431032591642 -588.9527914129965 0
1713.8038423638666 -556.8486238636556 0
1845.6681790086582 -564.2773901148827 0
2043.642365564866 -586.0050184669398 0
2154.9805184509114 -577.4252896237236 0
2325.7988558835636 -579.8867837524039 0
2335.5650452902087 -539.2076772622452 0
2335.8164705523277 -496.49311767281057 0
2342.1624597061264 -455.2702629684356 0
2343.842452169055 -413.2826628472943 0
2356.6243806599987 -373.2526335859915 0
2355.8477355361956 -331.09280718399674 0
2356.3045639964985 -289.31782124381954 0
2361.989501499649 -248.25510026067687 0
2365.9624079678956 -206.9948890256885 0
2372.207311517862 -165.88089456353077 0
2375.739663181131 -124.50723990196465 0
2375.551995824391 -82.95610366184445 0
2377.637819081898 -41.501822507860304 0
