0.17
0.81
1.45
2.11
2.75
3.39
4.04
4.69
5.34
5.98
6.50
7.15
7.92
8.45
9.09
9.74
10.39
11.15
11.81
12.45
13.11
13.75
14.40
15.05
15.70
16.34
16.86
17.51
18.28
18.81
19.45
20.10
20.75
21.39
22.17
22.69
23.34
24.10
24.64
25.28
25.93
26.58
27.23
27.87
28.53
29.17
29.83
30.48
31.12
31.90
32.54
33.20
33.85
34.50
35.16
35.79
36.45
37.11
37.75
38.40
39.05
39.70
40.36
41.00
41.65
42.17
42.82
43.48
44.12
44.78
45.42
46.08
46.60
47.37
48.01
48.54
49.19
49.84
50.48
51.14
51.78
52.42
53.07
53.72
54.37
55.01
55.79
56.44
57.09
57.73
58.37
59.03
59.67
60.33
60.97
61.62
62.27
62.90
63.56
64.20
64.86
65.49
66.15
66.80
67.45
68.21
68.73
69.50
70.15
70.67
71.43
72.08
72.73
73.37
74.01
74.67
75.31
75.95
76.59
77.24
77.89
78.53
79.18
79.83
80.46
81.11
81.76
82.40
83.05
83.70
84.34
84.98
85.62
86.28
86.92
87.56
88.21
88.86
89.49
90.14
90.80
91.43
92.08
92.73
93.37
94.02
94.67
95.31
95.95
96.61
97.25
97.89
98.54
99.18
99.83
100.46
101.12
101.76
102.40
103.06
103.70
104.34
105.00
105.64
106.28
106.94
107.58
108.22
108.87
109.51
110.15
110.79
111.32
112.09
112.73
113.39
114.03
114.54
115.32
115.97
116.61
117.26
117.91
118.54
119.08
119.84
120.48
121.12
121.78
122.42
123.06
123.72
124.35
125.00
125.53
126.29
126.81
127.59
128.11
128.75
129.40
130.05
130.70
131.34
132.00
132.64
133.29
133.93
134.59
135.23
135.89
136.53
137.31
137.95
138.61
139.25
139.91
140.56
141.20
141.86
142.50
143.15
143.79
144.45
145.09
145.87
146.51
147.17
147.81
148.46
149.11
149.77
150.42
151.18
151.83
152.48
153.12
153.78
154.54
155.08
155.71
156.48
157.14
157.78
158.43
159.08
159.61
160.25
160.91
161.67
162.19
162.84
163.48
164.26
164.90
165.43
166.07
166.84
167.50
168.01
168.79
169.44
170.09
170.73
171.39
172.03
172.68
173.33
173.98
174.62
175.28
175.92
176.58
177.23
177.87
178.53
179.17
179.82
180.47
181.12
181.91
182.42
183.20
183.71
184.50
185.14
185.67
186.31
186.97
187.62
188.26
188.92
189.56
190.22
190.85
191.51
192.17
192.81
193.46
194.11
194.77
195.40
196.06
196.70
197.23
197.89
198.65
199.31
199.82
200.48
201.12
201.78
202.43
203.08
203.73
204.37
205.03
205.67
206.32
206.97
207.62
208.28
208.92
209.58
210.22
210.87
211.51
212.17
212.70
213.46
214.12
214.76
215.42
215.95
216.59
217.25
217.90
218.55
219.20
219.86
220.50
221.15
221.81
222.45
223.10
223.76
224.40
225.06
225.71
226.36
227.01
227.67
228.31
228.97
229.75
230.39
231.04
231.70
232.34
233.00
233.65
234.29
234.94
235.72
236.23
237.01
237.53
238.18
238.95
239.59
240.25
240.89
241.55
242.18
242.84
243.48
244.26
244.90
245.42
246.20
246.71
247.50
248.14
248.80
249.43
250.08
250.73
251.37
252.03
252.67
253.45
253.97
254.62
255.39
255.90
256.56
257.20
257.84
258.50
259.14
259.78
260.56
261.20
261.84
262.50
263.14
263.78
264.44
265.08
265.72
266.37
267.01
267.65
268.31
268.95
269.59
270.25
270.89
271.53
272.19
272.82
273.47
274.25
274.76
275.42
276.06
276.70
277.34
278.12
278.76
279.28
280.04
280.57
281.22
281.98
282.51
283.28
283.79
284.44
285.09
285.73
286.37
287.03
287.67
288.31
288.95
289.61
290.25
290.89
291.54
292.19
292.82
293.47
294.12
294.76
295.28
296.06
296.58
297.36
298.00
298.65
299.17
299.83
300.59
301.12
301.90
302.42
303.07
303.72
304.37
305.01
305.67
306.20
306.96
307.62
308.27
308.92
309.44
310.09
310.73
311.51
312.04
312.81
313.34
313.98
314.64
315.28
315.93
316.59
317.11
317.76
318.41
319.19
319.82
320.36
321.00
321.65
322.29
322.95
323.59
324.24
324.89
325.55
326.18
326.72
327.35
328.14
328.66
329.31
329.95
330.61
331.25
331.90
332.55
333.20
333.84
334.37
335.01
335.67
336.31
336.97
337.60
338.25
338.91
339.67
340.31
340.97
341.61
342.25
342.91
343.54
344.19
344.84
345.48
346.12
346.78
347.42
348.06
348.72
349.35
350.00
350.66
351.29
351.94
352.55
353.18
353.83
354.48
355.12
355.76
356.42
356.93
357.58
358.23
358.87
359.51
