807.9692338358504 7.051040682686139
817.8652487515083 14.84704969458673
818.5684845109661 26.58262901633833
817.202650882572 36.1085501023933
818.8077967938218 44.20171840152142
818.1108303290177 55.62975191716334
816.4075578374773 65.11297494237333
817.5558455387973 75.12282892265335
816.6215045005097 84.67773253532569
819.7455688465908 92.96344634521294
815.6078792716262 102.3122048928689
817.0710430592716 114.10482283424314
814.9278017682126 121.93718836035556
817.0931668442087 133.95057557361272
816.7797006191969 141.816503469854
815.9692672341524 151.9676114484935
814.7769050229168 163.40010722541408
816.1064963211762 171.83185578458392
816.522413282682 184.011273043325
814.7184393313954 191.84072720206063
815.2607687466731 202.36076433583585
813.3603271400335 213.83633515999497
814.660616577823 224.39491927635342
813.3493808639721 232.76336620738485
813.446336019555 243.11737580099268
815.3213862994018 254.10044675840632
814.7024554614551 262.670723654304
811.9029635394777 274.34025915970415
814.2010784077435 286.086706995742
812.6791002163891 296.2729823515473
811.9654187603248 306.8161644003952
811.7237446113353 315.8252086742787
811.8689678117287 329.0057432695034
810.7332588026588 339.6359566818874
811.1724900829033 351.36190933665824
812.3311280015492 361.1635896373423
811.6839126228099 374.7068534058681
811.7321200560517 384.05073267643644
810.5741559750144 395.69374226210977
810.2878492133486 407.5323317446182
809.6936834025219 421.85914599313435
809.9433458672871 432.10620972777525
810.0955222737371 444.4336224815142
810.8606459013592 457.456022944753
809.7337525384502 467.49999999999994
810.1486672321246 480.64866272778943
809.4246592914789 493.4933848906926
806.6878765023326 507.4087798847762
807.3299052968831 521.2863167332572
806.7349255660674 534.9792144297867
806.4354477739817 546.203138560717
807.287575250908 560.8705473150729
805.3606724289442 574.0341342679883
806.5650635622202 589.4521170043176
806.7154823135685 604.3791281932115
806.5160710576484 619.5327490340878
808.2928560337118 633.5547797032748
804.7034155759058 649.3138016094152
803.993307897936 664.41234249172
804.9885225885154 678.8243355248536
805.1304118960056 698.6565821919723
805.0030648945577 712.4570622222566
803.7729869711237 728.8168394154443
803.2575483742528 745.6495899414047
801.4663619868736 762.1598720764074
800.8255727487634 780.1297341029984
803.0948460494118 797.7861043217484
803.2420168876291 817.3850147306921
801.6476574634993 835.6584429557832
803.4454439600667 857.3799732789491
801.9894876908918 876.4455839544752
799.0164176396315 893.9651919075653
799.2083564175682 916.4725871690486
798.8111683415768 937.9364143334906
796.5737858189947 958.1159657087414
796.0302320546834 980.5635469743748
797.4412495327906 1002.5210489279423
797.3169019596464 1026.7841827031966
797.5731149705553 1053.0518155704235
795.9040192591083 1076.781218320229
793.4033299820786 1100.8906194410729
791.4036993910628 1125.6359023192801
791.55853612944 1154.7445968181094
792.7015020996815 1180.554246347413
789.3630845123192 1212.7303578327696
790.8007368703909 1240.3528508312652
787.936684667638 1269.3272946545233
790.1151920232305 1306.6931481163026
787.506336861535 1338.5226069823875
787.7037282286751 1375.4082435897517
785.6779181854805 1411.0050350284826
787.3957730397527 1446.5880189601774
782.2323941461874 1486.7792309379101
781.90289083871 1520.7655536926354
781.83931982811 1566.757249215946
780.0337150982597 1609.990187333453
681.1793201503939 1458.7990724563294
659.1247462112784 1455.7330005642923
637.7854635045212 1454.294915944604
619.1725810121536 1457.9716440736245
596.3793019257845 1453.4004018970525
575.6555417735945 1450.9795647166604
555.1753874718626 1449.3047606164369
536.8029844679803 1451.9457826882756
516.3422026823513 1450.858618104858
495.4504008687245 1445.4455715380707
477.6350211690725 1449.324251695534
459.44729650459243 1450.9969613112983
439.90780019478456 1449.7262249569005
419.88161458904005 1445.2419969437992
401.89724487147674 1447.2327402891065
381.35858722189886 1438.3009518011581
362.5424389731486 1436.9714610747844
345.2479616072194 1439.1677612446924
327.00558248633365 1439.3204469550114
310.1526183718592 1443.0458597414984
288.9365710024645 1443.3640074275575
270.4271400482453 1440.8418240477777
253.13545248252356 1442.964809930051
238.3676585976665 1441.4235530664353
221.19295044628558 1442.1354578100031
204.06216619372333 1444.659002092994
185.87781309738267 1439.0449744876407
165.6299675205342 1442.5223443188486
148.54570493324766 1442.3710249259323
134.44132518572496 1443.7539714516136
114.03384582738472 1442.4996644733808
99.92985720874516 1443.5452967046929
29.60843310477152 740.4082257032808
18.49619180772939 720.762714690911
9.592017892992857 686.933033994392
0.0.0
-0.0.0
-16.066668140172574 671.8079057103106
-22.21318534961045 662.6277796747008
-30.721002824868403 644.2679721866007
-39.28239580598126 636.7895204694737
-45.04149123349352 613.3484034930417
-0.0.0
-60.36127149614898 620.0689614094292
-66.08219303514252 603.392197300948
-75.51231655068608 600.2690147335185
-79.5246006198873 586.6343306492106
-86.62723593751018 586.638493447052
-93.6387759411231 586.5729107623775
-99.76252587441289 573.385941954594
-105.28054866736676 571.3816641022865
-110.9913013278051 565.2052114317067
-117.52452429497538 556.7306226436981
-123.15469328424115 551.4144734426768
-127.5298724329253 541.1766177850275
-134.4382565022705 536.4096896856261
-138.0667039958024 529.2887541292895
-142.78434450284786 517.6694224743162
-146.1852533572285 510.48101992227186
-151.2775485821124 501.6882530964689
-158.50897565147628 503.6456141354948
-163.1421280523621 497.9564700398487
-169.01903905564612 492.82204134627136
-172.24433936462583 486.403009403564
-177.92028707156686 484.3556249785598
-184.66560469954976 481.8242568000802
-192.5716856130295 481.951393711188
-198.62446695790192 483.81537917442154
-204.59462585822257 484.57923920648307
-211.1406651979788 487.2172200361508
-220.67050035762844 492.85345719789154
-0.0.0
-0.0.0
-0.0.0
-0.0.0
-879.6740476991929 1778.3221220590262
-0.0.0
-896.7911452566091 1758.5339467264598
-917.6861897641785 1739.8106382926
-936.5473786877832 1734.2779498895331
-961.1318015546423 1731.0764454640146
-1064.2301883595837 1863.526255834386
-1103.1536057841374 1880.279798871821
-1130.8806845004544 1875.4223197519495
-1161.8099633121064 1875.2689431515475
-1184.7320003841837 1863.2428954019092
-1204.897411594264 1845.4913241555603
-1231.9595795656999 1839.5846254837813
-1267.6171582377754 1844.3944101360714
-1302.9219100594964 1849.064221785418
-1344.4263722271319 1859.9846046836499
-1372.6317500470266 1852.9754663143376
-1402.7100399248866 1846.6633542402694
-1434.1696396373068 1850.253616330096
-1470.0095365327336 1851.3692129077922
-1504.8223681236468 1849.0445209336467
-1542.347267237995 1850.52584614306
-1596.3433027955912 1869.0778634448764
-1618.0901087343539 1850.2833296595543
-1688.96860892577 1885.0321053136865
-1734.208708419467 1889.9061234998114
-1768.513780257675 1882.6173294216505
-1820.1797992240095 1891.446668160867
-1857.9411221514422 1885.381602386806
-1901.4951546121692 1884.3155725584932
-1951.4204109223404 1889.077653204252
-1990.7448209686268 1881.2379056851341
-2037.183257755689 1879.8586048742916
-0.0.0
-746.8615366276631 634.5059850830139
-746.2202166197234 621.2860760615943
-761.818276596275 616.4680960470554
-781.1261583424414 619.5570391442415
-796.2244007600503 616.5028009946905
-815.4534509292905 616.0516775137546
-832.5805497815077 616.5270700670998
-854.5383256359588 616.9929092131383
-875.4594511533628 613.4588408249186
-892.8497248070229 612.9505436101867
-915.9588198955078 612.718075672351
-933.1124576731727 608.5204526843215
-962.2138667355429 611.3464440575694
-983.3227587971809 611.5883844805272
-1006.0146800440266 609.0241896147597
-1032.8808804260345 608.8990777217022
-1062.6937713530892 609.3496109191732
-1086.3384937835406 606.1391564023133
-1113.777676051306 603.9770594399694
-1140.624967407318 604.6947029097037
-1170.9408043385001 602.8155876676598
-1206.635461918478 603.1847660881207
-1241.600071495132 602.3531044688681
-1271.035174709703 601.0870025634184
-1308.3160697561968 596.7856077501356
-1346.9842271484943 598.5895854533168
-1385.1212278259563 596.2408776877976
-1434.6686773935724 597.1949314133351
-1476.083885519915 593.6811963574651
-1519.275913306884 590.5088477284097
-1568.9464624412678 592.2296834784895
-1624.8317271311435 591.0692501797276
-1681.750474288529 589.2701776183045
-1748.3243494144394 589.3954268948626
-1812.9434630332266 591.5107774547236
-1871.6360925286351 581.8748466329698
-0.0.0
-0.0.0
-2213.513412990088 579.0529945635127
-0.0.0
-0.0.0
-0.0.0
-2622.9042518051674 559.9082834378985
-0.0.0
-2638.095236888324 530.9750663704816
-2635.4543902329538 497.4978964798227
-2634.3607393076563 464.50887525903846
-2639.612332904474 433.67237862077394
-2629.8136410028515 399.60006706121277
-2624.5312292206904 366.51852183120496
-2626.6537731269214 335.55022890486515
-2627.4709650130485 304.0087630536323
-2628.952088376099 272.1395175694789
-2628.013333663605 240.55543661764796
-2624.702062759711 208.87336293772685
-2629.022553441669 177.38493029298238
-2630.917045538236 146.6304862447136
-2630.4939674250318 114.84984693292986
-2631.6571087071648 84.08247255550839
-2616.4820070637893 52.06636833356198
-2615.9119851892 21.458931555356912
-2630.9823280818696 -9.643097059863493
-2626.6830752962105 -40.804680521267414
-2610.0072994475195 -71.99233869423622
-2625.9739072406196 -103.17479581483256
-2609.5841031807004 -133.56574570816883
-2606.817150008176 -164.46381493583579
-2623.5940863045794 -197.26903028006842
-2617.1229953481425 -227.58784506200593
-2617.2231020397426 -258.9270826882853
-2612.971939899085 -289.85969243758717
-2609.3478735318586 -320.8499258138744
-2608.3907213868088 -351.7411613433983
-2609.9018343197813 -384.00054064316447
-2612.1461588954717 -415.59288320137824
-2605.9663591473022 -446.8504615557141
-2605.4808261846592 -478.1952157687337
-2598.55191123957 -509.3446422543163
-2614.935483986737 -544.38351792376
-2607.2136538345326 -575.6187655547609
-2601.278330660816 -606.2936965155398
-2607.3837200789494 -640.9174176656925
-2614.2344473566 -675.113512125281
-2613.6360682676923 -708.6398963156103
-2609.0190453414652 -740.245649122986
-2609.5021717131694 -774.4562065244572
-2606.9546502318763 -806.987268570203
-2597.999130731928 -838.6301429808894
-2592.7549874162723 -870.5438387743864
-2591.524360978193 -905.0008212463507
-2601.4483281700896 -942.7383496289129
-2595.693092604173 -975.6568910262374
-2608.1584964087424 -1015.8298369367229
-2601.300538197391 -1049.4096006679017
-2599.7374797093476 -1084.8290356523876
-2603.9104161100795 -1116.0374298711633
-2594.853361965289 -1149.3389534412543
-2584.00463489588 -1187.9629820986047
-2590.35953658131 -1221.6928710777765
-2599.7800209265943 -1271.3692786877136
-2602.6554529208265 -1303.8809736250805
-2590.319233189176 -1336.963451321778
-2593.0554893125695 -1377.0109764798356
-2582.6735116441614 -1411.0444827331328
-2581.184850760525 -1450.8638000185845
-2599.5462486441465 -1501.4537292771108
-2587.295485234992 -1536.2236399960213
-2591.354262605104 -1579.907619349422
-2581.4627675739175 -1616.8382663796683
-2587.3263938021505 -1663.585925624149
-2583.2592626793007 -1704.6397219886655
-2589.038650091623 -1753.5700351944167
-2587.247383515563 -1796.8447279862207
-2576.329059724021 -1834.9652792414197
-2579.554933014308 -1885.1846985273214
-2578.145132045707 -1930.805189062072
-2582.019243106393 -1981.9691289796344
-2576.746345170765 -2026.243389291895
-2573.958511368531 -2074.698431520469
-2574.999923286883 -2127.1989552161185
-2576.6706254476003 -2179.769136389327
-2576.6808253326617 -2233.565742117969
-2572.0267753116964 -2284.3551096709366
-2573.993729106463 -2340.5121838009313
-2572.694803116369 -2396.559502707585
-2567.9491463398067 -2449.7016515920177
-2569.7314697218676 -2511.200743373793
-2571.2984694176316 -2572.196178593411
-2549.2157918231724 -2612.278478018635
-2498.259740584872 -2622.514493491468
-2436.086041272027 -2617.8733352703644
-2360.0074940956847 -2598.1656274787806
-2302.464976971065 -2596.0652976806327
-2248.128258670677 -2597.141569604235
-2195.201595949156 -2597.670293386418
-2145.7638688386546 -2601.1692407812625
-2091.7113176174066 -2598.7765898113007
-2040.790302037373 -2597.110691347253
-1985.0328242204807 -2589.751665076646
-1935.7395267427344 -2589.440380585314
-1881.3039690292212 -2579.9116992864115
-1831.8769413502807 -2574.845018976703
-1781.3615704492354 -2568.779273376098
-1734.0603543868292 -2566.017086331232
-1692.3822550383497 -2568.5829367243155
-1644.0444341352468 -2561.845799143445
-1606.1852898908444 -2570.433779450127
-1565.170018630956 -2572.229346846578
-1527.397682230713 -2578.5781586595826
-1477.7624175258507 -2564.72576260078
-1437.441764631846 -2564.636655218841
-1398.3203923998894 -2566.8324994433547
-1351.1596434385972 -2564.872047089851
-1318.3469615337942 -2576.2758565446
-1282.7845491376356 -2581.889385797492
-1237.7209404759449 -2567.2060442253837
-1196.4216513047875 -2543.6776981939215
-0.0 -0.0
-2241.2103217519734 -5384.161986202906
-0.0 -0.0
-2176.2091371192587 -5410.761295004489
-0.0 -0.0
-2161.321213422524 -5526.395444809373
-2254.14553944138 -5971.72645781909
-0.0 -0.0
-0.0 -0.0
-798.2841769433604 -2519.561742216662
-0.0 -0.0
-770.7898688801472 -2538.5610053791747
-735.7454604171623 -2529.1568985485137
-699.8799279173259 -2518.5638936700493
-665.7651569159377 -2509.1777051131107
-635.9897553779423 -2518.952367762103
-605.5572738422179 -2522.327573511573
-573.1389652968417 -2518.6108723775624
-542.5961968193245 -2520.2526395576306
-510.9717232264661 -2522.773057185877
-481.81097054404603 -2530.5402957991805
-448.23735189112097 -2516.3901280146597
-421.2390875679581 -2536.2568148957066
-388.6903567910102 -2528.2966215493143
-357.6757884610084 -2525.8006711434687
-327.41759758057236 -2527.8842372218246
-296.7188633955182 -2529.6574701143377
-267.0133043928624 -2531.9596946391553
-237.13143381166762 -2536.941600253822
-207.2053979349882 -2536.550989644522
-177.59998215254373 -2539.7980719615125
-146.8433029830815 -2523.7315713777916
-116.39460563323348 -2524.317986264703
-86.79993562595945 -2523.5076324781203
-57.330891938419875 -2526.3495737584585
-27.91720056425205 -2538.8465156272555
-4.332603927378299 -3102.99697527136
32.0227158274798 -3057.832327919736
66.92571515594476 -2995.252401493214
102.42232501152242 -3008.2569151153352
141.43952288092046 -2944.6050433576347
169.41093134200588 -2938.1199662950853
205.93428949296495 -2959.8446020713704
238.09891096148124 -2927.332900200959
275.0020486212815 -2953.223640914128
315.15331675197376 -2998.4835145353445
349.7297522623275 -2990.620353769855
384.93199326027894 -2988.3099505514265
422.5670446465757 -2995.3400629609087
457.86650288833295 -2992.170995369885
493.963634347633 -2993.5189874029656
539.3945345326664 -3046.619361869199
571.6075027623983 -3019.3697790740594
606.6103776235377 -3008.4522349140643
639.8660983480212 -2992.3521477568247
682.6171665215035 -3016.7337973328295
722.0240638176788 -3026.0539075284505
740.8053669690382 -2951.449882391681
778.3352931799444 -2950.0500286250212
805.0527863181727 -2912.7948797059753
0.0 -0.0
0.0 -0.0
0.0 -0.0
0.0 -0.0
0.0 -0.0
0.0 -0.0
0.0 -0.0
0.0 -0.0
0.0 -0.0
0.0 -0.0
0.0 -0.0
0.0 -0.0
0.0 -0.0
0.0 -0.0
0.0 -0.0
0.0 -0.0
0.0 -0.0
0.0 -0.0
0.0 -0.0
339.8216660049978 -572.7802679157058
342.0415929882065 -558.5987367208147
339.15990848541725 -539.2027044406987
341.6457897824597 -529.3185754570865
339.719368635033 -507.8501260945148
0.0 -0.0
337.1360238579598 -476.8598341412759
337.48919448701304 -465.53844481901507
336.428862187494 -452.6716477616289
334.11262936271225 -440.6560460272103
335.74222722648005 -428.03406039356565
333.66132302109173 -416.92459932200535
336.7721562940935 -405.3560345486751
333.2879216204646 -395.23178174573843
331.84164206425953 -380.6653708864202
331.4294142843401 -373.0355791973994
332.77006073472995 -362.3921724852845
331.6181876217581 -351.1671648068202
329.3402063733335 -343.67285092944144
330.6555508173125 -335.42198305075306
331.71394740526074 -328.7169863223072
327.0236618395407 -316.3550609632439
327.6821824412951 -306.96154044197425
328.2982195789071 -300.4085202209146
329.10966583642215 -296.53975762625583
331.6183703572215 -289.1872342300411
334.4289569182516 -285.93228704462575
339.4570658400314 -284.63643556522516
344.8993801364778 -281.19284767126163
353.54351420546556 -280.014256000029
359.52881069505383 -280.49070266267324
368.65756560000676 -281.758051040031
376.7364828893119 -281.01534203703403
383.81415564162006 -278.1414998325677
389.82430154675893 -276.6243191109227
399.6102858529695 -276.60010744847517
409.74450226186116 -277.7308820894422
418.8523145051032 -276.706954436852
428.15777545976545 -277.0937013238393
0.0 -0.0
453.62890680883254 -279.8389088519028
462.69011343318715 -276.47578362522887
469.59134524700346 -274.62696238554145
490.0102568141635 -277.23446433825205
0.0 -0.0
511.65345975125524 -275.2666654801679
0.0 -0.0
0.0 -0.0
0.0 -0.0
0.0 -0.0
0.0 -0.0
0.0 -0.0
0.0 -0.0
0.0 -0.0
0.0 -0.0
0.0 -0.0
0.0 -0.0
824.1013145931726 -272.54545177970743
827.3236796436287 -262.6014643921973
422.843910863241 -132.10612039523193
279.121514032638 -85.76234840609182
339.4519374577122 -103.91045258397003
230.9196585437017 -68.97181524405619
0.0 -0.0
0.0 -0.0
0.0 -0.0
827.2563269862156 -219.9612908247164
826.8637920302957 -209.5358428271403
826.340956062187 -199.14975353796137
823.804708352525 -188.07126972563114
823.0152260535486 -177.79183806920452
825.0966012907385 -167.86780077928017
824.0565738999818 -157.64441954038136
823.9007564725629 -147.50099485745412
823.9301170709126 -135.5144353325952
823.238675567372 -127.1498448684824
823.6792102103432 -117.37358590102508
823.0122336829272 -107.4749422341731
822.9996711168887 -90.8600095833859
821.843996075253 -82.75533889157518
821.7848781476675 -72.76409861891564
819.5883564246343 -62.919996925991256
819.3978888191904 -51.26499584174115
818.9426197080123 -41.62914394721602
820.3838030961142 -31.802761162454956
817.7006943238327 -22.12633052094167
818.8777445508975 -14.150599960249627
816.9880417088161 -4.420373829644332
