2013.00
2145.00
2294.00
2393.00
2396.00
2397.00
2393.00
2398.00
2394.00
2390.00
2379.00
2378.00
2390.00
2375.00
2374.00
2377.00
2377.00
2371.00
2371.00
2368.00
2375.00
2382.00
2377.00
2387.00
2390.00
2391.00
2392.00
2397.00
2385.00
2400.00
2395.00
2396.00
2406.00
2409.00
2409.00
2415.00
2417.00
2436.00
2438.00
2440.00
2445.00
2449.00
2465.00
2460.00
2462.00
2468.00
2486.00
2506.00
2504.00
2508.00
2519.00
2527.00
2539.00
2544.00
2556.00
2549.00
2318.00
2333.00
2237.00
2243.00
2252.00
2213.00
2163.00
2122.00
2070.00
2039.00
2024.00
2045.00
2052.00
2068.00
2075.00
2091.00
0000.00
2846.00
2852.00
2899.00
2918.00
2929.00
2944.00
2993.00
3007.00
3033.00
3050.00
3073.00
3117.00
3140.00
3162.00
3146.00
3120.00
3078.00
3047.00
3006.00
2980.00
2936.00
2915.00
2890.00
2864.00
2826.00
2801.00
2769.00
2746.00
2729.00
2711.00
2699.00
2652.00
2634.00
2623.00
2598.00
2566.00
2554.00
2544.00
2520.00
2497.00
2485.00
2471.00
2450.00
2442.00
2417.00
2405.00
2398.00
2376.00
2366.00
2357.00
2338.00
2324.00
2315.00
2310.00
2293.00
2286.00
2265.00
2261.00
2253.00
2245.00
2238.00
2232.00
2225.00
2210.00
2202.00
2191.00
2188.00
2183.00
2179.00
2174.00
2157.00
2162.00
2156.00
2148.00
2138.00
2134.00
2137.00
2125.00
2128.00
2124.00
2124.00
2120.00
2123.00
2120.00
2119.00
2111.00
2109.00
2121.00
2105.00
2107.00
2105.00
2108.00
2102.00
2158.00
2160.00
2220.00
2224.00
2228.00
2223.00
2230.00
2248.00
2246.00
2250.00
2252.00
2253.00
2256.00
2267.00
2255.00
2273.00
2280.00
2291.00
2297.00
2296.00
2307.00
2308.00
2318.00
2313.00
2337.00
2330.00
2342.00
2344.00
2351.00
2280.00
2291.00
2318.00
2243.00
2252.00
2254.00
2276.00
2285.00
2290.00
2301.00
2311.00
2320.00
2329.00
2344.00
2365.00
2371.00
2385.00
2404.00
2412.00
2434.00
2449.00
2455.00
2482.00
2491.00
2516.00
2500.00
2471.00
2423.00
2395.00
2350.00
2325.00
2279.00
2249.00
2216.00
2190.00
2161.00
2128.00
2108.00
2071.00
2054.00
2023.00
2007.00
1980.00
1959.00
1929.00
1742.00
1676.00
1640.00
1623.00
1612.00
1608.00
1610.00
1625.00
1640.00
1516.00
1477.00
1456.00
1444.00
1433.00
1436.00
1434.00
1430.00
1431.00
1420.00
1391.00
1376.00
1368.00
1359.00
1359.00
1359.00
1364.00
1399.00
1425.00
1405.00
1356.00
1344.00
1352.00
1338.00
1328.00
1334.00
1345.00
1336.00
1264.00
1249.00
1249.00
1248.00
1244.00
1241.00
1236.00
1231.00
1232.00
1231.00
1239.00
1283.00
1297.00
1292.00
1224.00
1209.00
1202.00
1194.00
1190.00
1189.00
1171.00
1163.00
1155.00
1151.00
1148.00
1148.00
1149.00
1149.00
1150.00
1150.00
1153.00
1155.00
1159.00
1165.00
1173.00
1190.00
1261.00
1263.00
1252.00
1251.00
1249.00
1247.00
1246.00
1250.00
1253.00
1259.00
1269.00
1277.00
1280.00
1341.00
1373.00
1383.00
1384.00
1386.00
1389.00
1396.00
1399.00
1401.00
1404.00
1406.00
1414.00
1422.00
1420.00
1425.00
1428.00
1436.00
1438.00
1447.00
1451.00
1454.00
1462.00
1467.00
1475.00
1484.00
1482.00
1494.00
1508.00
1511.00
1517.00
1521.00
1537.00
1541.00
1545.00
1562.00
1569.00
1574.00
1584.00
1595.00
1606.00
1614.00
1630.00
1644.00
1651.00
1663.00
1670.00
1684.00
1700.00
1716.00
1729.00
1711.00
1685.00
1671.00
1646.00
1622.00
1605.00
1586.00
1569.00
1553.00
1534.00
1516.00
1503.00
1486.00
1471.00
1459.00
1440.00
1429.00
1415.00
1405.00
1390.00
1380.00
1371.00
1358.00
1348.00
1335.00
1328.00
1316.00
1304.00
1296.00
1286.00
1276.00
1268.00
1259.00
1255.00
1244.00
1239.00
1227.00
1220.00
1214.00
1210.00
1203.00
1196.00
1191.00
1182.00
1177.00
1174.00
1169.00
1167.00
1160.00
1151.00
1147.00
1146.00
1140.00
1136.00
1130.00
1125.00
1124.00
1123.00
1117.00
1112.00
1108.00
1109.00
1107.00
1101.00
1101.00
1099.00
1095.00
1095.00
1091.00
1089.00
1087.00
1087.00
1084.00
1083.00
1081.00
1081.00
1080.00
1080.00
1081.00
1079.00
1079.00
1080.00
1079.00
1079.00
1079.00
1079.00
1079.00
1081.00
1081.00
1080.00
1081.00
1081.00
1082.00
1081.00
1085.00
1085.00
1087.00
1091.00
1092.00
1093.00
1096.00
1100.00
1102.00
1105.00
1107.00
1108.00
1110.00
1112.00
1119.00
1124.00
1124.00
1131.00
1131.00
1135.00
1139.00
1144.00
1146.00
1151.00
1157.00
1161.00
1168.00
1174.00
1178.00
1183.00
1187.00
1195.00
1201.00
1209.00
1213.00
1218.00
1228.00
1232.00
1241.00
1251.00
1257.00
1263.00
1275.00
1282.00
1291.00
1298.00
1310.00
1319.00
1332.00
1339.00
1350.00
1358.00
1371.00
1382.00
1394.00
1407.00
1416.00
1431.00
1442.00
1460.00
1470.00
1486.00
1498.00
1517.00
1533.00
1549.00
1562.00
1578.00
1602.00
1618.00
1644.00
1657.00
1679.00
1701.00
1720.00
1745.00
1770.00
1791.00
1815.00
1843.00
1878.00
1897.00
1930.00
1956.00
1981.00
2026.00
2052.00
2052.00
2042.00
2027.00
2015.00
2003.00
1995.00
1985.00
1965.00
1957.00
1948.00
1941.00
1931.00
1922.00
1913.00
1904.00
1896.00
1885.00
1871.00
1867.00
1864.00
1855.00
1852.00
1838.00
1836.00
1828.00
1823.00
1821.00
1809.00
1806.00
1800.00
1801.00
1825.00
1910.00
