2155.9778017137837 9.78358407741386 0
2165.732785955277 34.02204929740358 0
2179.2125979720117 58.58713886233192 0
2182.433808266146 82.69626676535017 0
2234.310222778975 109.66689740011404 0
2238.9349959698243 134.9780864496252 0
2152.5041057249255 153.91580437803933 0
2142.6778466956616 177.28972130284808 0
2122.6776636659984 199.15706408123623 0
2104.4083305992663 221.18222827435474 0
2098.826592414634 244.3275157921758 0
2110.845630367858 269.65667942203623 0
2132.46344952489 296.6624958440258 0
2133.9610354973215 321.2075637017268 0
2124.437214116851 343.3227683615425 0
2118.435080137937 367.05968348617904 0
2124.1048874494945 392.1459257893291 0
2118.538283821276 416.0246867477975 0
2132.3610390714234 443.5317339833066 0
2203.6260115850237 483.2891485083034 0
2169.834666166298 501.3447132492664 0
2152.347013782529 523.0939994507968 0
2179.4132999166873 555.1204086918943 0
2156.5502114207875 575.4260904937815 0
2171.6887256907726 599.8142034893713 0
2162.5813801444756 628.2879708003443 0
2129.586397440046 644.582636935194 0
2101.2695548658166 661.7214351930975 0
2103.2511937695863 688.2611538557226 0
2105.847805585129 715.248921503763 0
2109.1754587962832 742.3441816377954 0
2101.691499634754 766.199608694117 0
2137.863914311868 801.0161570674703 0
2155.6785183699058 835.6997818825424 0
2111.941197655755 851.1365211553174 0
2070.910928359168 861.6129797087368 0
2058.400838524929 883.5077747025599 0
2052.061617694412 908.0633883079933 0
2033.6016454426995 927.1943419007392 0
2009.5401603157711 943.4767321339007 0
2012.5518823274083 972.0390531971472 0
2008.7332266194157 998.0179478722571 0
2008.6858360380224 1020.3872853481813 0
2000.1042005792253 1050.0781812919158 0
2014.6545670185403 1086.5946694105112 0
2090.538677901653 1152.1358583939689 0
2087.9833145598195 1181.3241206882178 0
2072.928210865368 1203.5687070535296 0
2083.4110595901107 1240.9767752772864 0
2073.6863750162943 1266.7773356323444 0
2072.119654208217 1297.8232308924125 0
2220.402780098131 1424.3789854292604 0
2224.989171837735 1463.2129664559532 0
2236.1372430755055 1506.0233165959542 0
2231.2539808677966 1539.81384357383 0
2223.714954705252 1571.5663524713873 0
2215.743756282509 1603.3416998553612 0
2212.963761591364 1639.3008844880796 0
2211.248693897846 1676.6049665127055 0
2224.729260730699 1718.2260376471534 0
2216.317627973372 1759.7829900116906 0
2205.8366847264797 1791.9956808862275 0
2212.4628892952815 1829.6581548177721 0
2207.1569713093368 1867.1740957930506 0
2209.7896508922763 1920.9408368842053 0
2204.5851377205377 1951.1382243556495 0
2201.9297877672743 1993.0893632105829 0
2211.8191927506646 2047.4500869568956 0
2207.6930321606637 2089.9022646404433 0
2198.209670602917 2128.7259673494414 0
2190.6839784765625 2167.8624740619734 0
2156.491983762395 2182.238832934775 0
2109.7450145793773 2183.1793269123505 0
2064.6225427124914 2184.80428325363 0
2014.9788654938461 2180.55524388013 0
1962.7560234782086 2182.1580585053894 0
1917.1265063256224 2179.916273333385 0
1881.5782653296408 2179.060401053422 0
1830.1045730836129 2175.6300815116633 0
1779.2705868193875 2164.5785222253758 0
1739.3232223344503 2164.828798831008 0
1697.7414646781824 2162.0996552222978 0
1658.8748940487637 2161.8878522936157 0
1621.4264287542255 2162.68012802109 0
1587.1233251892465 2166.941519893933 0
1543.0373170400992 2156.8819713238117 0
1508.1476350468765 2157.061591819416 0
1475.5022254030678 2161.3843209458596 0
1430.9289611696793 2148.0231162829373 0
1397.9553737847693 2149.375903118458 0
1364.911171832133 2151.585808887908 0
1332.3736546865339 2153.0918336887653 0
1290.1568711907519 2137.873767957147 0
1260.6186435529787 2142.670444918361 0
1230.5144854317587 2145.1254278346087 0
1196.6054371207717 2140.1961190164343 0
1163.64378359366 2137.823459714069 0
1131.1678602067655 2133.702011067911 0
1100.4727568240337 2133.9542430633583 0
1075.5223902854816 2142.1625960684228 0
1040.1217992277852 2130.677742590642 0
1011.542689709303 2132.2245160619623 0
983.4778911510737 2134.3081402686535 0
953.8599554509148 2132.3806380163883 0
918.3356456958596 2127.239676633634 0
887.583897345933 2121.8376057493665 0
861.9454548715424 2125.908284199083 0
831.1992100652541 2118.7930227341453 0
806.4323116472711 2124.064718112713 0
780.5395182961886 2113.4727489082875 0
750.4691928678967 2116.9109548009355 0
725.1588084843632 2120.4305464875615 0
698.9246410685051 2120.8001664719054 0
671.7984316076808 2119.0601377236703 0
641.4571110895353 2103.3624924469555 0
618.2911220374276 2110.288389867532 0
591.7061359416833 2106.4728454667916 0
566.5822128744803 2107.1565191162845 0
542.7613329354717 2112.385176872369 0
517.704244900771 2112.4884176751652 0
491.40253886351707 2103.3600606644814 0
465.56160958085934 2100.0127113149765 0
440.43151812829126 2097.252745340725 0
416.394260675693 2099.098811317929 0
391.2691386610299 2094.771935350351 0
366.98330484083857 2094.0867350633057 0
344.1401138716284 2096.948397558801 0
320.3293538635293 2100.7175214800714 0
297.01894313437873 2100.100175567665 0
273.15565128593414 2100.311879262353 0
248.62878068045555 2091.2722752949576 0
225.04010376738208 2091.9304366293745 0
201.46777179751098 2092.3228089678096 0
178.73023755492105 2093.383983454436 0
154.96657801442583 2090.2634665750866 0
131.72216724569904 2087.848957816656 0
108.39293802810207 2089.1900274952577 0
85.00952965989353 2089.2712556934785 0
62.12833685593357 2081.072817024795 0
38.804442144481605 2077.637652544316 0
15.965416940560278 2078.9386968984713 0
-7.257064292250022 2078.9873340205463 0
-30.46397982063515 2077.7766833645737 0
-53.359332815640705 2079.3154598572746 0
-76.50806137142995 2076.5910807246537 0
-98.87876258050667 2073.6438918750123 0
-122.32885539100761 2077.4014179110222 0
-145.53732612389456 2070.8922923958908 0
-168.09936876179526 2071.189658679737 0
-191.2238113254229 2069.182798590347 0
-178.267239178286 1654.4234015014874 0
-197.02420326201738 1652.2946054892775 0
-210.5784347156586 1641.5485746187053 0
-232.4682309950415 1641.6219179756451 0
-243.83244223851742 1593.452145535598 0
-255.98829377278557 1558.1113546378185 0
-0.0 0.0 0
-0.0 0.0 0
-399.9792955854988 2061.5568299474376 0
-425.3987129698614 2068.7145610266257 0
-447.2705329057886 2060.003172423327 0
-473.3757275099057 2068.525905229245 0
-497.3871894694685 2066.9983027936096 0
-520.8183890511694 2064.313252785571 0
-543.74003456278 2059.4287496326906 0
-568.6653966503757 2058.9112818799335 0
-590.9112323972781 2052.6373073260484 0
-615.2388729982334 2050.6979614638194 0
-642.8751926747577 2058.970734770991 0
-666.0924778434539 2053.6800653851537 0
-693.1388945163658 2058.432042334318 0
-718.7256066728761 2058.1140644562697 0
-742.6534661551166 2054.918691629377 0
-766.2610622071929 2048.3683713007053 0
-790.5365208344233 2043.4120997065193 0
-817.0382499419865 2044.8111155145202 0
-848.9809973600419 2057.7432459180977 0
-875.0463272912058 2055.4926234589534 0
-901.2103881428055 2053.9885190291334 0
-924.5639025306057 2045.7777470041501 0
-940.5360793441208 2019.7464898971825 0
-933.3971486889428 1949.0230277806752 0
-930.3586288082408 1888.2419923839343 0
-926.5337916005183 1828.6703182975239 0
-922.1119806303624 1771.360633856909 0
-922.5035995187831 1724.79654129839 0
-919.977134748454 1665.8484539537276 0
-918.2339677810492 1620.992097578847 0
-918.1905383465867 1579.5110431050507 0
-916.8250651993619 1537.3782227617853 0
-911.2446262793533 1490.5174373609325 0
-908.4639274823995 1449.9014768125637 0
-907.0161027344761 1411.738569771458 0
-903.7922688828945 1373.2791175531322 0
-906.4596609056637 1337.8291681492033 0
-922.2547618808184 1329.4247455904208 0
-939.8243952752723 1329.3284417499945 0
-963.4859685498908 1324.6655383180612 0
-983.2102191260241 1326.3101692312232 0
-1006.7988470431295 1327.370363384924 0
-1032.3095348160407 1324.151813172451 0
-1052.760636780845 1325.8748212575686 0
-1081.8649078574365 1325.5524588437156 0
-1098.0950677809449 1321.2536554784483 0
-1123.7960594221931 1321.8575629874613 0
-1148.9899869100186 1321.29595851214 0
-1175.4087107786759 1322.0345542479633 0
-1202.2119207968567 1322.1404983941502 0
-1225.0767832119714 1317.4171227196832 0
-1255.565358881749 1320.3180032007988 0
-1279.2979637381259 1315.5309650386362 0
-1310.3753664788494 1318.6346722748576 0
-1333.804759389448 1312.0997918718137 0
-1365.565725232725 1319.6329982497489 0
-1394.8304073247962 1312.125426474978 0
-1419.6743975817749 1311.874081171979 0
-1456.792734981048 1311.2417501385617 0
-1484.8606412924826 1306.7795820032072 0
-1504.9824623054992 1300.4417665366168 0
-0.0 0.0 0
-0.0 0.0 0
-0.0 0.0 0
-0.0 0.0 0
-0.0 0.0 0
-0.0 0.0 0
-0.0 0.0 0
-0.0 0.0 0
-0.0 0.0 0
-0.0 0.0 0
-0.0 0.0 0
-0.0 0.0 0
-1360.8715514871883 860.3072825176206 0
-1479.9833318344713 916.9134841914677 0
-1495.2682496214697 903.42783977136 0
-1494.6191222178231 881.1008339008785 0
-1494.8298888075808 858.8711216052823 0
-1497.4957395735885 837.9513768465038 0
-1490.0182801159933 808.0040376880411 0
-1490.854200394058 787.3688799840862 0
-1486.08142702947 764.0700178897575 0
-1487.5939098068525 747.8565099707046 0
-1488.6672807189761 727.6803744205067 0
-1481.2242384088383 703.9707064574185 0
-1482.2522819227015 680.5065559823391 0
-1484.7170381162805 665.3903491389242 0
-1485.5245542338225 646.2327744461763 0
-1479.2103585594048 620.28438246546 0
-1482.3407251826495 602.2175474568777 0
-1477.80763196319 581.2302494806588 0
-1477.665230824742 562.1978883023861 0
-1475.311031778022 542.8087688256963 0
-1477.4212901788205 525.2145574204405 0
-1475.7166829838943 505.8263254942474 0
-1476.5269620728043 487.7428936151251 0
-1475.0481844961057 469.6135149404695 0
-1472.5520667179624 450.76647036426544 0
-1469.8199068803935 432.0340742789984 0
-1471.5940565376268 415.0324478436984 0
-1471.3109759302718 397.2656694293018 0
-1469.846924399971 379.3072881344969 0
-1465.2529597107575 360.7142415525972 0
-1466.149784149161 344.15230703769583 0
-1466.0553628539114 326.62772853400816 0
-1468.579724956447 310.2814713237742 0
-1468.9607585028264 293.5273240752919 0
-1468.2168121784869 276.36098211658197 0
-1465.3036526096685 258.8999915966857 0
-1463.1709746031745 241.70167371947718 0
-1461.786673981818 224.9904881748867 0
-1460.2485998320387 208.0841817355912 0
-1462.4817765095024 191.76040617815164 0
-1462.8802885846835 172.36664779009078 0
-1461.3741860991179 159.014113219993 0
-1462.383656316791 139.26608250946717 0
-1458.605773942707 125.55953257716786 0
-1459.8790354807695 109.76885607374426 0
-1455.0263027594208 93.07232820903788 0
-1456.9737484158088 76.8667446116169 0
-1446.729857983147 60.63594659988132 0
-1452.4120555819775 41.33062787007735 0
-1455.726776224184 28.205548814799226 0
-843.9899218136471 -4.124545671196727 0
-841.8961245495582 -13.225561176553205 0
-847.6398173510934 -24.71315522156566 0
-849.3791609584215 -32.481393590298744 0
-848.9706709989064 -41.81865353722702 0
-849.33934638871 -53.13826000160995 0
-850.8276191767198 -60.838823509947794 0
-848.1017895525621 -70.17374550173163 0
-847.2650487627589 -79.64255862941616 0
-847.3326548537689 -89.05825070404079 0
-847.2783167674788 -98.63292521094442 0
-846.8871726751593 -109.99143947723847 0
-845.8540575449402 -117.67290824468066 0
-845.5201292895093 -126.96736181496192 0
-844.3330039907084 -134.63572472425815 0
-844.4180761294007 -146.311697091933 0
-0.0 -0.0 0
-843.7416636257715 -155.769076077428 0
-844.9219016530476 -165.61394901093894 0
-0.0 -0.0 0
-1438.4296557150117 -312.5765915093334 0
-1434.21492078886 -331.37827476556805 0
-1434.065144224165 -345.0828337100028 0
-1431.0907216385158 -361.3244337713017 0
-1429.8658306817829 -378.0538404099277 0
-1427.550378494467 -394.28532417565856 0
-1426.9724727326002 -411.065155496557 0
-1427.0059718363627 -428.66531973482284 0
-1427.855503257223 -446.36830288234154 0
-1427.697652772456 -463.33617629969285 0
-1423.3808357308624 -479.5737654147813 0
-1421.711384996421 -496.7622547774322 0
-1420.775359912743 -514.3135003719188 0
-1421.5898355242875 -532.3592203897936 0
-1420.2173288326046 -550.0106716088163 0
-1421.4125461389697 -568.812248179249 0
-1417.7429490532656 -585.7993943405448 0
-1418.5758416505334 -604.4886942577838 0
-1420.0838531484014 -623.6688624800742 0
-1414.739267757413 -640.5636613680322 0
-1419.5089268575293 -661.3247360955019 0
-1414.7385011400079 -678.4364180909837 0
-1410.6593748782461 -695.9663268205695 0
-1411.8404690672023 -715.9577430994811 0
-1407.302308718265 -733.5320114870522 0
-1411.3087799528348 -751.6704913910355 0
-1406.468173090999 -769.0619468430797 0
-1405.7240413370505 -793.0548023983149 0
-1404.4247928550903 -813.4617392440387 0
-1402.4190549745006 -832.6954991138289 0
-1403.3559307052317 -850.5722378225457 0
-1405.8108102527876 -873.3389752990533 0
-1399.8432320363727 -895.9257367226159 0
-1398.6718268703767 -912.4785590462293 0
-1402.5256341334505 -937.4917842832347 0
-1397.2148422675623 -961.3566895524423 0
-1401.8739530592213 -982.6970131907965 0
-1399.7461729505778 -1004.7087395410728 0
-1393.2713284910208 -1023.8339734570571 0
-1391.5208720658088 -1046.303332024328 0
-1391.0288055229794 -1070.0765683843906 0
-1389.7988937088514 -1094.4496493880622 0
-1386.4425750512974 -1116.3229757042218 0
-1354.5907295743518 -1115.8445032132502 0
-1329.8072356874438 -1120.5952507097822 0
-1295.4361232967249 -1116.2191767112554 0
-1262.6311639876108 -1112.7675155787445 0
-1237.4954165190838 -1115.4196941484665 0
-1207.3126470202317 -1112.906183083283 0
-1175.2096868612414 -1112.1178857960622 0
-1149.7791384079978 -1112.6580484954766 0
-1120.9307702977094 -1109.2534463321645 0
-1097.2242459755864 -1110.324256261794 0
-1070.1605146417132 -1107.4098035062646 0
-1044.3730164227231 -1104.3934998758832 0
-1022.9527235181431 -1106.6240217195782 0
-999.1286008617608 -1105.3696390529371 0
-974.7993291141939 -1102.9733759064711 0
-953.9188222106205 -1103.9564668193682 0
-927.7973355053509 -1102.5756682555493 0
-908.4358544438381 -1104.3750714140979 0
-885.3911854579834 -1101.2045444481723 0
-866.2391775526482 -1102.37638185554 0
-844.1271177204452 -1099.2931406722112 0
-825.7940794975779 -1100.6544136406976 0
-805.363741071199 -1098.3775510123114 0
-786.0575800952599 -1097.548851201979 0
-766.8712890882591 -1096.4271184041881 0
-749.5008674003832 -1097.4923461081964 0
-728.8747693133868 -1093.3149457765394 0
-712.9907059140296 -1095.3963909380996 0
-695.0043785075532 -1093.8852379730379 0
-673.9427675994546 -1092.912231608919 0
-657.0549954824933 -1092.6590195076874 0
-640.7632792450637 -1093.028554051134 0
-626.2186774117397 -1089.9078713637643 0
-607.1368680467372 -1090.3617855823813 0
-590.6295001153297 -1089.163804757354 0
-574.2251825406862 -1087.7340850300295 0
-558.8409070034493 -1087.8537772419427 0
-544.4199599774263 -1089.555371322714 0
-528.9100776476283 -1088.2803543953091 0
-512.6400776483366 -1084.9885486901267 0
-499.01032553947135 -1086.924420097824 0
-484.3960519157577 -1086.9500746991218 0
-469.4288067303113 -1084.7859675584655 0
-452.88448481930516 -1086.381444709892 0
-441.50073947932356 -1086.74104414953 0
-424.3241007140615 -1084.9765239640917 0
-410.05576905863813 -1084.036561312269 0
-398.16089144086595 -1081.0050437102573 0
-382.12154746797245 -1081.476824976237 0
-370.6678834456072 -1080.1709680332804 0
-354.9362807475567 -1080.1801871026387 0
-341.34097065716986 -1079.3101230651093 0
-330.44330470314134 -1077.467504093217 0
-314.5321186804461 -1077.0113956307007 0
-302.2128218384589 -1079.4945161122569 0
-289.7366327710954 -1079.8040024145434 0
-276.1671712600196 -1077.160941325965 0
-263.5936545897263 -1077.2183554229068 0
-250.86435211354362 -1077.1736521279436 0
-237.95309338207852 -1076.0029392849724 0
-225.88521649184096 -1076.5574155475565 0
-213.0684907279122 -1075.0896791705004 0
-200.5001874321189 -1073.43545443575 0
-188.324922662914 -1074.6230611260896 0
-175.6633535393534 -1072.7121637341995 0
-163.25491305138988 -1070.6245062413727 0
-148.764431513937 -1070.7147817772645 0
-136.85583354125833 -1071.2938349611313 0
-127.07899142832596 -1070.4835028796845 0
-115.00711207353167 -1070.8418950398354 0
-102.93833820672101 -1069.05551704635 0
-90.90597865844505 -1069.1422276966475 0
-79.03591216480034 -1066.0742584774655 0
-67.06027485730745 -1065.892545961394 0
-53.102427291727274 -1066.6790202379188 0
-43.460156483225724 -1068.1161991087174 0
-29.42007866210252 -1066.5943272732684 0
-19.906417384993826 -1065.8141181964586 0
-7.814118145285636 -1065.971359632899 0
3.7140531057976247 -1063.993517747889 0
15.613156164088387 -1064.8855475376665 0
27.295351017231695 -1063.649831388529 0
39.248120029809925 -1065.277233903985 0
50.582488372109246 -1060.7947076932867 0
62.42827699435335 -1060.1635299478644 0
74.66148955777814 -1062.3797164747705 0
88.37597882563888 -1061.3268518070247 0
100.31612272065574 -1059.260438004882 0
111.87737602057732 -1059.1073848929345 0
123.93279497306658 -1059.7781193863948 0
135.39321815307116 -1058.3750169378313 0
145.12890570207915 -1058.0933799668708 0
156.9010161176619 -1057.4228440606175 0
170.91298964257103 -1055.2486673630242 0
183.54380988039887 -1058.2002031064765 0
193.13022083696782 -1058.5257284541856 0
205.13223873599185 -1057.2841456444714 0
217.14754822735625 -1056.9238110189626 0
231.36182641354924 -1054.927345971554 0
240.78161749862204 -1053.843068333586 0
253.2387368187981 -1054.0048112672064 0
266.1580118777236 -1054.9426110994368 0
277.81289225596834 -1052.9677093322348 0
290.35475641919885 -1052.6908926293358 0
302.9249997542227 -1052.2649117612466 0
315.52185079498315 -1051.689099340156 0
328.7396094206106 -1052.8719149060746 0
340.91347291200475 -1051.0960964569679 0
353.59019112529165 -1050.0657011539704 0
366.9456881774825 -1050.7710796971687 0
377.6364536086763 -1051.227715057904 0
393.4829020272387 -1050.740313213604 0
403.7138122127597 -1050.0667397021202 0
420.01702200731575 -1050.1174702023131 0
431.919598077757 -1046.3601009195395 0
444.12763639074615 -1048.843001880629 0
460.01107587182764 -1047.4377356555585 0
471.55024643247265 -1047.7792539888706 0
487.33636363614926 -1046.0493624480132 0
498.5318501040054 -1045.1937592771387 0
512.3782627837833 -1044.0486175589106 0
528.9644159067732 -1048.0804581254276 0
542.4803827465872 -1045.6572260234786 0
555.6438529232054 -1043.2563964379299 0
570.8037047010741 -1043.0264285719365 0
586.3372818601894 -1043.5600566813607 0
601.4539638954545 -1043.0096496746544 0
616.6310709783588 -1042.2509881521255 0
630.9838389287202 -1040.6480649147315 0
646.7923336674106 -1040.329119610263 0
663.2093508775082 -1040.629308115351 0
675.8968281522149 -1039.5977480226547 0
693.0109265641614 -1040.3056549219957 0
711.4529727149903 -1037.4963458321206 0
724.4886596131025 -1036.9865872285957 0
745.1821269017621 -1037.0306638408365 0
760.4719730151011 -1038.2925301948962 0
778.0207466127378 -1037.7344158502974 0
793.8249034273716 -1034.5327557397707 0
813.3595885708127 -1035.825844280745 0
832.8402345635762 -1036.9557096096667 0
849.904157177836 -1034.6902549129534 0
865.4481380669325 -1029.5749221482038 0
885.1901989585934 -1029.8554809620841 0
904.0806707405355 -1028.00736417272 0
924.2006216173374 -1027.510199950408 0
943.3859957573028 -1026.284006992705 0
1057.0245278841965 -1129.5610419323039 0
1087.75003674551 -1136.2785123199953 0
1120.660886622925 -1144.7808424294667 0
1141.8677561200964 -1140.6726206643411 0
1170.9902109728187 -1143.9191080691996 0
1190.7050352996914 -1142.2440715153484 0
1216.8480260934496 -1142.2967571487175 0
1243.9005647029992 -1136.6337955258764 0
1274.0617991273393 -1143.5517181152793 0
1294.2717425157728 -1135.8453488592472 0
1327.3693722450175 -1138.8992710621374 0
1360.1270696750696 -1140.473302772629 0
1384.7591305627004 -1135.8358817730816 0
1418.4256140468897 -1137.1863424328062 0
1443.6337605455872 -1131.1399406850621 0
1478.410122282269 -1131.9662143073558 0
1502.8159188246652 -1129.5770509917315 0
1542.081352756596 -1126.9805240022504 0
1582.9300991874893 -1135.3573451060618 0
1596.137016181389 -1118.4576995021189 0
1634.8002039072676 -1113.5134904008823 0
1657.3121639173867 -1106.9622357295978 0
1653.6567466087454 -1078.005271042484 0
1662.4042137417403 -1057.0299097630616 0
1688.1883095572548 -1047.9452425934373 0
1710.0538651428649 -1035.2375468026403 0
1703.4257529999752 -1005.3977839723277 0
1730.1522274852766 -995.2835122354514 0
1769.948222258174 -992.0303879040854 0
1814.099597362983 -990.722792130807 0
1859.4876305609 -988.707111227086 0
1910.3815013979336 -988.5562801968217 0
1963.2854533838504 -988.2885350601658 0
2002.9438279949627 -980.3652492295338 0
2057.59576318336 -984.510373398821 0
2118.167660872934 -985.0186599410613 0
2175.5196213288073 -982.2847739903957 0
2235.8168206737996 -979.5938670653791 0
2300.0006477965303 -977.2400012972971 0
2315.3962058288257 -953.3920547358664 0
2328.5255490499144 -928.9874958371587 0
2325.6964884750823 -897.8779669279509 0
2329.0225964916517 -869.3961956618426 0
2328.240611139649 -839.5955315746234 0
2330.8625046532634 -811.2360842575456 0
2322.44145262993 -780.2343872876794 0
2321.6284220275274 -750.7605943534682 0
2324.1403019133295 -722.9992095585012 0
2328.2386295966066 -695.848319430403 0
2317.601948907287 -664.5616648747845 0
2323.9161554293432 -638.3679993033026 0
2320.049775097506 -610.3851579699585 0
2310.235140408266 -580.2909580743077 0
2312.6826631797762 -553.5186531885778 0
2308.9704010027363 -525.4328570743018 0
2309.7208778676195 -498.9573792844778 0
2312.2108264043686 -472.52628948919374 0
2311.4530845227755 -445.5341042503333 0
2314.2063064121808 -414.30685652314776 0
2291.1156985493103 -389.57009107592836 0
2311.9523146766946 -361.2153023628353 0
2297.0389613813077 -332.64547178081625 0
2296.4879456136064 -322.3416132791381 0
2296.2390250381795 -301.89789646784527 0
2293.5588165562694 -275.1144398191489 0
2295.451017484941 -249.7711479081379 0
2292.5891976134553 -218.73219010034532 0
2293.8591829432253 -193.42711502537333 0
2293.852662375774 -168.04750313995464 0
2293.5904676852665 -142.2911330451753 0
2157.19553391429 -110.03376054757265 0
2150.2813788305803 -85.98832394260269 0
2154.11726558538 -61.675003907295846 0
2158.6578896167434 -38.4332615762404 0
2160.952472484987 -14.33218967990046 0
