2012.9509446099596 14.053276979796605 0
2144.6667397333213 37.80972734161141 0
2293.0831057496885 64.85268017100685 0
2391.3775053773325 88.10577038586742 0
2393.3204049389005 113.2847708348223 0
2392.9770241878177 138.81628762222437 0
2387.3729307439226 164.01063853047935 0
2390.475833799018 189.81382463585004 0
2384.3356883276815 214.89375367134411 0
2377.9329305853075 239.86449849440356 0
2363.7074446546017 269.3104455538501 0
2360.375765937862 288.9813896659278 0
2369.0602737151494 315.67929850514724 0
2349.9439131631543 344.0764522420023 0
2345.159738267119 368.9197772021705 0
2344.9463688986534 389.0443766320513 0
2340.671586505706 413.98734778355555 0
2329.3126706064227 442.6550378707726 0
2325.4418998360593 462.5591535002401 0
2317.5345091060126 486.2692660478889 0
2317.8926980997476 517.6856576107481 0
2319.0649466438676 543.931772603582 0
2309.56862913818 562.1581159253935 0
2313.1434179195785 589.1829326578709 0
2309.638829577977 614.547375639724 0
2303.928857757695 639.3690783822144 0
2297.9520485642315 664.1388277306568 0
2295.539548949237 690.0052023064269 0
2276.6088096563803 710.8286205513663 0
2283.181973580707 739.6486162470038 0
2270.438096841672 762.3226668609339 0
2263.1380501404674 786.779617177774 0
2264.043482049501 814.2131854675222 0
2258.0588353486914 839.3159691699611 0
2248.8445374396324 863.7009010229907 0
2245.0997498284814 889.8045365809784 0
2237.350724786237 914.4127811325144 0
2244.999062143702 945.5555039096853 0
2236.6399710335563 970.1987631279541 0
2228.0104165995467 994.7711211750741 0
2221.8371425497144 1020.5217841802889 0
2214.4633613334377 1045.826477629923 0
2217.5978138148366 1076.3293808884239 0
2201.538529540982 1097.6466202501297 0
2191.508143897218 1121.9340690219592 0
2184.7508763684996 1147.992860695167 0
2188.4551643011637 1179.3472744885482 0
2193.2796705172864 1212.2542171077746 0
2178.5093152542313 1234.5497816412833 0
2168.701308824549 1259.6819571235783 0
2164.6199283938804 1288.3251008965372 0
2157.6119346303453 1315.4617970662239 0
2153.6636408400987 1344.713323397731 0
2143.4380859075904 1370.2587974104765 0
2138.769585201106 1399.5715992469584 0
2117.9318926640285 1418.3671943599677 0
1909.1780307053955 1314.596229673533 0
1910.380801686427 1339.1542825783458 0
1815.2628613186446 1307.283345077588 0
1806.073470122007 1330.0930871639969 0
1799.0001436043906 1354.6595451667486 0
1753.572617339009 1349.9452121174465 0
1699.8084599383942 1337.6173591583897 0
1653.5230681198288 1329.9419021880572 0
1599.0997648131795 1314.4504335175345 0
1561.2781538800093 1311.4615992155586 0
1535.615095973772 1318.5075945998428 0
1537.2770492804736 1348.6305178793489 0
1528.0446192555553 1369.5925093122207 0
1525.1771266967037 1396.5882471942784 0
1515.334152484362 1417.5286262769089 0
1511.724302096907 1444.635121561711 0
0.0 0.0 0
2019.4383161829385 2005.3889615563903 0
2006.789196510358 2026.4997213839708 0
2013.4506202480702 2085.7175263737568 0
2008.6186518743743 2116.642414613855 0
1993.456913802606 2145.966107097824 0
1980.9687687001085 2177.8197210592925 0
1990.254276900714 2235.38294555506 0
1975.5406366288278 2266.999822017674 0
1968.1653416677937 2307.685894539744 0
1954.378724029731 2341.5601215984016 0
1943.8881075590318 2380.047903990709 0
1945.9079225762332 2434.980771352219 0
1934.0406271307781 2473.6788095077313 0
1920.9607920184294 2511.6037974823835 0
1884.528240930033 2519.1008930047155 0
1842.2502305419785 2518.0377455606235 0
1790.9007774696174 2503.349437305691 0
1746.3802824005415 2496.8710237500463 0
1696.5588286758139 2481.476201949588 0
1655.5992943984147 2477.779444661585 0
1605.5011021857108 2458.1420241476017 0
1567.9443235688607 2457.3920318476225 0
1528.4712422949272 2452.7282078284584 0
1488.7568692657119 2446.6505643867813 0
1437.701865626049 2432.958969151633 0
1398.382611989835 2426.958399001616 0
1356.7854989028915 2413.813188705131 0
1319.9547058747364 2407.9525689762118 0
1286.2316601953012 2406.87538445829 0
1252.6398080913336 2404.2492614504235 0
1221.541355868721 2406.748369876337 0
1175.0247980657243 2377.4820133768844 0
1141.843768527686 2373.636199646966 0
1111.845879546071 2375.6952119614216 0
1076.1350677238083 2364.6431688555194 0
1037.9552584976343 2346.7008504189685 0
1008.1758092054188 2346.592750720286 0
979.2867272463462 2347.963693466988 0
945.231876223675 2336.0087114928897 0
911.908799443295 2324.528197612988 0
882.846235423555 2322.887755488512 0
853.2318497253793 2319.016259238863 0
821.453504267377 2308.184165166819 0
794.2314069483942 2309.233741355945 0
762.1231165852039 2293.699491033308 0
733.9981339606874 2290.255823994828 0
707.5084808920183 2291.2520047925477 0
676.8082676948377 2277.565930720758 0
644.6123976981245 2276.4953012764763 0
618.3768674385601 2274.4359849898774 0
589.3381595723996 2262.504040586849 0
566.5546729357496 2253.8837154065127 0
540.4260173264212 2251.0363657206212 0
515.3147646314245 2251.788332271233 0
483.0029773207022 2241.5523915133763 0
457.7097871916508 2239.7093004916896 0
429.85381405813786 2223.8369316430717 0
405.04830308177947 2224.4228177598275 0
385.03184698374235 2219.855733332301 0
355.4517503904715 2216.6819918843457 0
331.57007040173886 2213.30189725979 0
307.1620824598576 2210.7635457232695 0
283.4891130597152 2206.8663128464796 0
258.22540862331437 2194.8621000740163 0
233.99348508238526 2189.532152981317 0
209.99804377181093 2180.9130706224887 0
186.51174259075273 2180.0360937094047 0
163.6785606618735 2176.8551464853276 0
140.23638300488048 2174.4826412003636 0
116.80957359866959 2170.8596277778297 0
93.71090790991721 2154.9634024128345 0
70.9272258668983 2160.8362567836616 0
48.53769430740258 2155.4535699548996 0
25.492378721258437 2147.8487234037534 0
2.6120591087302922 2137.998404383692 0
-19.7397413912448 2133.9087006265772 0
-42.51655679358938 2136.5770153210997 0
-64.15291766620436 2124.031403523713 0
-86.8848610102694 2126.2255338809255 0
-109.31052951383771 2121.185330926415 0
-131.14713220513116 2119.947270503295 0
-153.4198383658773 2114.4413808842723 0
-175.8018245484096 2115.7085618027477 0
-198.03610499635099 2110.7301346022123 0
-220.3923555358084 2107.5075823401867 0
-241.16827658755014 2097.1787864576045 0
-263.23219108330073 2092.508019955356 0
-286.3856217850411 2101.576616646368 0
-306.4143813699243 2082.578984550091 0
-328.880971027661 2081.174261539841 0
-350.685959626173 2075.582895892397 0
-373.2946325936815 2074.684341599162 0
-394.2358872224679 2064.699025336602 0
-427.28293723116906 2115.276173824852 0
-450.19544942960255 2112.5633853953063 0
-485.7904046738993 2166.1965937390746 0
-509.7416694114491 2164.7954708160373 0
-533.7180595814018 2163.1294535641327 0
-555.0920998921009 2152.5802564915853 0
-579.7976644517594 2153.307843364781 0
-608.3098025537414 2164.1310459667243 0
-630.7536632192492 2155.6126313267646 0
-654.8313753636116 2152.6021160073683 0
-678.3139376469063 2147.4157031171094 0
-696.5892547135131 2142.6087860871085 0
-725.1674337239325 2136.2743721409583 0
-751.5162975195217 2138.8109440907933 0
-770.1458081307417 2119.410397780158 0
-798.9933235084519 2127.9423556546167 0
-819.3075028934305 2127.706562405289 0
-850.803711245588 2127.1610293841727 0
-876.0599060808698 2123.376565981074 0
-898.2251630775257 2113.0091235994114 0
-925.0808774081386 2113.4035038898246 0
-947.9391118319056 2104.3467965759205 0
-974.4929362031503 2103.2088620225436 0
-989.9383901851966 2090.4523394800326 0
-1022.6399641231068 2101.374907953907 0
-1046.5499508899345 2081.7380239339136 0
-1069.4325353433433 2083.573385400454 0
-1092.4864450569405 2073.8392819519186 0
-1122.8818984703103 2065.5113754437934 0
-1105.7139591781024 1993.9399791565154 0
-1136.832009919902 1989.043483994625 0
-1171.5902001200398 2000.125096833367 0
-1153.8878742719191 1923.4322898423618 0
-1179.0117894553844 1918.7066478034656 0
-1200.437273034455 1907.7385443266592 0
-1232.5939637230954 1913.3447469270634 0
-1257.848491094215 1907.6273675568839 0
-1280.8830795099511 1898.272513793819 0
-1307.269521311314 1893.5805762233852 0
-1329.1671143115889 1890.5120423400122 0
-1358.4151272692663 1880.7201657891646 0
-1383.7079554988477 1873.390854544027 0
-1408.6932856203475 1873.4778426894059 0
-1441.3575949443157 1875.023542117895 0
-1464.9451426371825 1864.2898725959237 0
-1493.4766612286699 1859.5032837737247 0
-1525.2436180844313 1858.184034344476 0
-1549.7586514296218 1848.2402772147998 0
-1583.661872273124 1848.342791342662 0
-1613.130487830648 1842.6641118856296 0
-1636.6566098503592 1829.8579566275432 0
-1674.2582080090344 1832.2618407079206 0
-1699.8115753299496 1820.9123011211482 0
-1736.354356517056 1820.8046431740668 0
-1744.4761496042 1790.754858561636 0
-1742.9862808744676 1751.5249997312033 0
-1727.3163719939243 1699.2078010183886 0
-1725.140114606537 1661.299667421668 0
-1709.984664421296 1611.9716025550783 0
-1708.6764337236568 1576.721232443264 0
-1694.6912594458488 1523.7659056291564 0
-1688.2970587799764 1485.8176339359013 0
-1679.016444425748 1446.2225898346073 0
-1674.439033882267 1411.5076768517486 0
-1667.0008094093434 1375.1470108423293 0
-1656.3346241264187 1336.0163221008925 0
-1654.7645407968594 1305.916656805234 0
-1639.2868355767962 1265.6143451717878 0
-1638.8858984430165 1238.1312579386026 0
-1627.0421130391187 1202.1909009792082 0
-1627.1901513770108 1174.8622094789077 0
-1617.5483987241346 1141.9006864806538 0
-1612.3299699446743 1112.6873181708354 0
-1601.4691569649503 1075.3313625529438 0
-1456.8104834867972 955.1268058236898 0
-1411.1616812926598 904.2116506942795 0
-1390.1918151795364 870.0383422630439 0
-1386.7866813055462 843.1795185804441 0
-1386.2254804590282 822.753254217895 0
-1391.7261390468545 805.4578535800214 0
-1401.9639870116537 791.5787889543201 0
-1423.4514758891414 783.84366795237 0
-1443.1678671727432 779.0163715610062 0
-1343.3620212677426 702.591260844771 0
-1317.418132855852 667.7862406658294 0
-1304.2692937092268 647.1611928161597 0
-1301.5920743367587 625.2951879102648 0
-1298.2100682249613 606.7451019656785 0
-1306.1842161432037 596.6395842536468 0
-1311.9511443100375 578.9129424564484 0
-1314.3635351349853 563.3369307150598 0
-1319.9591604131253 552.6923328955064 0
-1316.8794168414597 531.2519190546957 0
-1295.4526565099152 506.639333985631 0
-1286.7460485279519 487.5044682848573 0
-1284.3524136366411 471.02322404074147 0
-1280.8120836090718 454.3142155832107 0
-1285.5762642148156 440.6525489401809 0
-1290.1947285161336 426.9409356212875 0
-1299.5026196332813 414.47429542281577 0
-1337.2979388070564 410.8956350004204 0
-1365.680701200733 406.8675735025764 0
-1351.5149303637286 383.9692604935007 0
-1308.2516111118705 356.6703268050138 0
-1300.3642942908307 339.68912572160707 0
-1311.725570104776 327.5363013977238 0
-1301.5199862786812 310.30585769066874 0
-1294.998342517788 294.21640483865315 0
-1303.9219852202302 281.67970544455903 0
-1317.623035231565 269.98988319408926 0
-1311.587213536802 254.23410724520625 0
-1243.3933331648288 227.30820275840676 0
-1231.4726773544317 208.509100351778 0
-1233.622737403327 195.38664683524848 0
-1234.6436721137086 182.09613644879335 0
-1232.5491713052759 168.399941551883 0
-1231.2956153459445 154.89385923867997 0
-1227.907617272193 141.20511125637728 0
-1224.3905295614531 127.39242960326999 0
-1226.673074172413 114.44286391209252 0
-1226.8253394468697 101.29455311650547 0
-1235.8136501713736 88.80102505098567 0
-1280.4259358103548 81.23067711263565 0
-1295.1987331701878 68.33184904816115 0
-1290.9861302657391 51.174324240698 0
-1223.4738693469556 35.88441200840757 0
-1208.789182832569 22.576790448834387 0
-1201.9612615234191 9.65017082909664 0
-1193.9959082288458 -3.125881119577274 0
-1189.895313057067 -15.784294878922953 0
-1188.6601188832728 -28.427482765871012 0
-1170.2060421215447 -43.11402303462242 0
-1161.8119628319075 -52.55438155539608 0
-1153.061519790125 -66.88894960520177 0
-1148.2934572863578 -78.88685539013032 0
-1144.5857463913724 -88.47298546847453 0
-1143.3656517126894 -103.04846667280835 0
-1143.1987185115138 -115.31561036404572 0
-1141.9062439724828 -127.47991989586717 0
-1141.7671170287208 -137.36029437913714 0
-1139.9243994863689 -151.8958967702592 0
-1141.6104170240765 -161.66216546277607 0
-1141.4346029167148 -176.49942567714405 0
-1143.8310852568713 -186.8995676829888 0
-1147.2657067520774 -202.50036570499424 0
-1153.3580065725187 -213.76227140228897 0
-1167.6982666731442 -229.30494545154227 0
-1234.710627670598 -256.14579035634785 0
-1233.867513249336 -269.70346632533125 0
-1220.2055835439871 -280.36107769816726 0
-1216.8413495075836 -290.3414027116403 0
-1211.0508467492616 -305.54352650301126 0
-1205.7953879215083 -317.9095507643947 0
-1201.4359588942991 -330.2538972907604 0
-1202.4154184730683 -341.6096623607654 0
-1200.8406446347499 -357.7579435780546 0
-1203.5370752457547 -369.5666496166755 0
-1208.1844748936207 -388.1382158793774 0
-1212.4862986640767 -400.7567535948548 0
-1210.0454130053354 -417.3608731838039 0
-1264.0040932562713 -447.8556153844579 0
-1289.0466841543189 -472.7448001520012 0
-1293.2919949957543 -489.984505550841 0
-1288.9334842629207 -504.08974711438736 0
-1285.348501226946 -518.5318026829633 0
-1282.5252399765307 -533.338549912851 0
-1283.1129336003075 -549.9429057889672 0
-1279.9300215409642 -564.7832681287105 0
-1275.6657059538566 -579.2046327967768 0
-1273.3866042739644 -591.3565388626578 0
-1267.4458946598174 -608.6188496177019 0
-1268.0688849827336 -625.6175372690943 0
-1269.8160575306367 -640.0399831552328 0
-1259.7841829266617 -655.2433230852516 0
-1258.550433334609 -668.3380931484215 0
-1252.3252703634546 -686.1963401309428 0
-1253.516102959447 -700.5664705232198 0
-1246.2220252197283 -717.4779884130514 0
-1247.801606525419 -732.6664662399825 0
-1243.22772231202 -748.1883656372017 0
-1237.7456289718507 -762.9559344818532 0
-1236.3178956115312 -780.3602123318917 0
-1230.329723175937 -798.9854643670448 0
-1230.2656895794275 -813.6776591769345 0
-1226.9506536418278 -834.7742769922246 0
-1216.3523533701589 -846.6468876992795 0
-1218.8573595364699 -863.9576014503169 0
-1220.9251735427385 -885.102096150288 0
-1213.685853255384 -900.0486929093062 0
-1208.815952664156 -916.5440483602788 0
-1202.151110823612 -931.8120554841278 0
-1204.7034528687805 -954.4938924089761 0
-1197.581926605192 -969.7827226077998 0
-1190.2710584313902 -985.0278206531113 0
-1192.6973941460674 -1008.6212995952347 0
-1187.1882772032825 -1025.8386785801665 0
-1180.1296452602987 -1041.5229331982093 0
-1176.4011649534652 -1060.7244218439255 0
-1175.392978602445 -1078.1819632381503 0
-1169.5717031070815 -1100.608027996889 0
-1165.8954347644456 -1116.1020720325826 0
-1162.9969627697676 -1142.0762078724415 0
-1163.092063854671 -1161.8747139852394 0
-1155.5558609240907 -1179.1911008331026 0
-1148.727592170325 -1202.4948727485566 0
-1143.1936669009099 -1217.3776077937573 0
-1139.6427667541595 -1239.7864187774137 0
-1137.301517977324 -1263.544719116215 0
-1134.3617774880238 -1287.5866408806094 0
-1129.078760112463 -1309.4358149458503 0
-1103.4654777322232 -1307.6256878224733 0
-1069.9753528874617 -1301.6826587972016 0
-1047.282242486448 -1302.0909740001105 0
-1020.8325009433978 -1291.2075762702323 0
-989.6554558478564 -1285.093801522119 0
-965.6893794007378 -1281.97855774292 0
-940.7166927761928 -1276.8900124647473 0
-917.1321558721537 -1273.0395157516891 0
-894.3132216303368 -1269.6506848803606 0
-869.970067437101 -1263.4508624253995 0
-846.2003128970667 -1257.8557272012185 0
-825.619748135838 -1255.9303449985255 0
-803.015354810191 -1250.344888396423 0
-778.8579525173817 -1247.886729555384 0
-762.1082750028148 -1244.13503172776 0
-739.0680474549849 -1235.8715229468944 0
-717.5217698704597 -1235.800756498378 0
-697.4240818090097 -1231.1883081449644 0
-679.6556963433451 -1229.6719621216232 0
-659.4097793801612 -1223.6334184950194 0
-641.695265197012 -1221.7312251979715 0
-624.5520678171499 -1220.4817551218543 0
-605.7245074699695 -1215.4266004371727 0
-588.3854962492996 -1212.8093451995928 0
-569.8907117958381 -1207.2487633494736 0
-554.0850437428244 -1206.885978168821 0
-536.3143582881858 -1201.7582573437687 0
-518.716213646926 -1196.390191241886 0
-500.13423085231636 -1195.6093639352955 0
-483.82440239722433 -1191.5158193011828 0
-469.9339870244345 -1186.312795108996 0
-454.4105600234413 -1183.7799807984516 0
-436.17365891473696 -1181.0307105528334 0
-422.2295718991105 -1181.840593571694 0
-406.0330798432806 -1175.8712251233042 0
-391.90982508989293 -1175.3840602109633 0
-375.69978869878645 -1168.0662090702253 0
-361.17061423217405 -1165.3136004591872 0
-347.0287249805879 -1163.3430551812082 0
-333.5212005385687 -1163.126652085366 0
-319.26158000348295 -1159.8625106165298 0
-305.1094757925975 -1156.427346520985 0
-291.5565044861929 -1154.7622286392088 0
-277.53693370166746 -1148.9548513459858 0
-264.1668740453213 -1146.9720409221504 0
-251.29872566238922 -1146.7889738223241 0
-238.25695711451704 -1144.4625910821774 0
-223.07395952989336 -1145.4811253703203 0
-209.60133740315584 -1140.906341186168 0
-196.30703365170592 -1134.1360361697657 0
-185.95223113197255 -1131.8262975108157 0
-171.3675035864918 -1133.1148126798687 0
-158.46030148262926 -1128.9332720998325 0
-145.9185527075442 -1126.5894442855993 0
-133.2089613302489 -1122.1209260241592 0
-120.91365528524368 -1118.4832980270924 0
-108.9021976912867 -1118.7118982731915 0
-96.8995887910681 -1118.811632801573 0
-87.05574103663925 -1113.6023967074432 0
-74.85846014641238 -1109.4774494979645 0
-60.49861504344424 -1106.3471053777946 0
-48.7606432145123 -1107.9275245580402 0
-37.08898368328698 -1106.378509954591 0
-25.17086517246816 -1100.7122364843908 0
-13.450917919607477 -1100.9178319961577 0
-1.9181158741223239 -1098.9983261277032 0
9.74666250028482 -1094.956621318902 0
21.40335480557944 -1094.7908002915747 0
32.55620341490056 -1090.5141418703417 0
44.08334587198841 -1088.1073745806204 0
55.562941287707375 -1085.5789973813323 0
67.11719995620447 -1084.9259336332775 0
80.89961266385036 -1080.976989889627 0
92.31819800081566 -1079.0580847748106 0
101.16757447520473 -1076.2556024824232 0
112.43234371600289 -1075.1371857053994 0
123.75762226741716 -1072.8858517711544 0
135.17288097331888 -1071.5074858578323 0
146.5216070815837 -1071.024004706818 0
160.04509016849062 -1067.064463428972 0
168.97878768855912 -1065.6862433715212 0
180.29609958360277 -1064.8442686491483 0
191.44511261030874 -1061.8802987425777 0
202.7393667271408 -1059.7819347295358 0
214.01064093052688 -1057.5634475380214 0
225.2576576545457 -1055.2250886270604 0
236.4791420827913 -1052.7671230427873 0
247.76562258712934 -1052.222978395745 0
261.1514216499553 -1048.9809030531526 0
269.6803724172144 -1045.7879788623086 0
281.058867835135 -1043.8232191378156 0
292.15580200500136 -1040.7718229058733 0
303.5001203573814 -1038.5623124988963 0
314.2490712797101 -1034.315484366274 0
326.2657924621367 -1034.782891561826 0
337.2639184901806 -1031.2507208650322 0
348.8657038604376 -1029.4958575292867 0
360.95060898616805 -1029.560905373021 0
372.2320462705295 -1026.5998751847062 0
383.4913095377777 -1023.5152248545209 0
395.2702570746502 -1022.2413726083189 0
407.61318126082 -1021.6905081591166 0
419.2281611648703 -1019.1426538450452 0
431.2252552088541 -1017.3837915310321 0
442.83225492165207 -1014.5681810509361 0
454.0183265284314 -1010.7083452590676 0
465.591811515257 -1007.6330011715283 0
477.1511809458733 -1004.4255823713166 0
490.88835653137556 -1005.5792467140145 0
503.63200549100304 -1004.853622695918 0
514.3014433547041 -999.4348529860604 0
526.0858693056061 -1001.1966131170063 0
538.7989743154778 -994.4127238106868 0
551.2981631400514 -992.116593611056 0
561.5623807066387 -990.9433346943166 0
574.591769916018 -989.2321759550574 0
588.3466402734925 -983.4450827976586 0
601.3958479880573 -981.38882917156 0
612.7740508748232 -981.4056055344597 0
625.3421634408651 -978.1963906205636 0
639.5538450392979 -977.3407181200677 0
653.2613127417029 -975.4617661779405 0
665.8703757983661 -971.7513275700437 0
679.0482281569572 -968.7014523767873 0
693.6724768024574 -963.2172625772154 0
706.6150297944805 -963.701302099642 0
720.4340144039306 -960.9244667973842 0
735.3227654428189 -959.6777743709214 0
747.9646116171186 -954.9439458776902 0
761.2136995141734 -950.8300077679215 0
777.625845329828 -950.4115133325513 0
790.2659460932016 -945.1474670364497 0
806.1297161053683 -943.5231215035901 0
822.7054494808943 -942.4206828133813 0
836.6858512737784 -938.086236056298 0
850.6667599381833 -933.5604230773031 0
868.7338392904571 -933.2344381084864 0
881.3337839700814 -931.007390536175 0
899.8785983411188 -925.6886670191136 0
912.5231176101643 -923.0956395883507 0
930.8256083495795 -921.772036265277 0
947.0483669845271 -918.0742838092899 0
966.1986621883672 -916.8882948240804 0
981.0340107217435 -911.3140346813551 0
998.9775658397448 -908.0439543044699 0
1014.5650845883438 -902.6747416064364 0
1033.9215163535887 -900.3595381963229 0
1051.8203668383717 -896.4362308072969 0
1070.5198711491792 -892.8735663433793 0
1090.3468956067804 -889.2652288494455 0
1106.7871568331564 -883.2203515936316 0
1127.7971367621021 -880.8147468742812 0
1144.0155166999607 -877.8339806305755 0
1169.5255674241398 -873.9622115064493 0
1185.170079228457 -869.6389384690711 0
1207.3612063198084 -866.2995541231551 0
1226.3394864792301 -860.288012180722 0
1251.0985346799098 -857.9285847445476 0
1273.4524911416802 -853.4680736882011 0
1295.8517735092234 -848.6278224834489 0
1315.9106441251643 -841.5599661807206 0
1338.3658219828296 -835.9790227919746 0
1367.6796443287624 -834.1800707813331 0
1390.2307166212815 -827.7575457600359 0
1419.7117290860126 -828.947891182313 0
1439.8952173059452 -819.9699769988318 0
1469.4798750193631 -812.200650648026 0
1495.7170436341357 -810.0811844391651 0
1521.0590457330495 -802.9815560731548 0
1551.7530493960887 -798.1775953319785 0
1582.6529992056812 -792.5335854746234 0
1609.7401369218078 -785.1227238992383 0
1639.6894084703224 -778.2310991924217 0
1673.1687901643304 -772.7581766762687 0
1713.2301970751432 -769.2374742755748 0
1738.7375131069018 -758.551817949721 0
1777.1004030295253 -752.870611428218 0
1807.2389809875403 -748.2133823977734 0
1839.9717242392821 -734.0742837069849 0
1887.9915092661192 -734.9585436873572 0
1920.0370595751065 -723.9901172379211 0
1927.636065564872 -703.507781572869 0
1925.586674293229 -679.6175099159395 0
1918.287266728576 -654.9068348299697 0
1913.7538448011148 -630.6910666157805 0
1908.9235299184882 -606.646484308233 0
1907.6242682482698 -583.9474729718879 0
1904.1403938667736 -560.7801355655247 0
1890.7583572850458 -535.0306854347285 0
1888.626804498694 -512.7746028510498 0
1886.20672511933 -486.75269913438837 0
1884.4857582441566 -464.96712461737087 0
1878.5863151624312 -446.84947855451145 0
1875.3454190336627 -420.90801763503663 0
1870.0783798364976 -402.95887292390097 0
1866.2390097004654 -377.3167882194294 0
1862.230350553475 -356.250082775403 0
1855.0920881647442 -334.45230516258835 0
1844.7440987431078 -312.3462984452978 0
1844.014131891122 -292.0631462301115 0
1844.0511256570132 -271.9769217472364 0
1839.5916768814468 -238.59476597047686 0
1838.547736821861 -222.81431602842105 0
1827.3531571322628 -197.54604303491377 0
1827.3621398839678 -177.88650797260013 0
1821.1822482290966 -157.7314766786043 0
1817.7485250102686 -138.27255629007774 0
1817.1218582553788 -118.78195254548926 0
1806.3013660906413 -98.77436336966674 0
1804.2534800286933 -79.40642168206432 0
1798.9999452882353 -59.993306734389805 0
1800.5364393901796 -40.85988776458032 0
1824.8676632267698 -21.977527369315855 0
1909.9981381786329 -2.666862230516569 0
