1170.9638836020488 9.196917940680972 0
1170.845745445218 19.006324548205427 0
1054.47362139193 33.322391699707204 0
1052.060883917459 44.4623046053039 0
1049.5306965592274 55.55463058920414 0
1050.004036886969 64.77285327255834 0
1046.1018600803968 77.92238661856905 0
1039.2346488121364 88.54572100511598 0
1037.4267694603932 97.51768048396217 0
1039.0637546178773 111.22730707609392 0
1033.8481876555707 121.81512583128622 0
1031.799289367057 130.34656290687644 0
1030.0548561354333 143.48168298361904 0
1030.768573861609 152.57833115912885 0
1027.6958569260764 165.8982388603849 0
1024.8859428822293 176.6601372194759 0
1024.914286786467 187.92207092565695 0
1022.3219493469774 196.31309656616455 0
1018.7217455604462 209.29884166492113 0
1019.7897418959316 218.81015132719315 0
1016.9192078566806 231.78508298020645 0
1017.8189667591686 241.16498689755662 0
1015.1937667964525 251.98733273248132 0
1010.5176400455321 262.2786669876309 0
1009.9398208419914 276.09881976865887 0
1007.9048924075735 287.1092611896692 0
1009.2501261750551 296.84706974406055 0
1005.3862136249637 309.6813869977639 0
1003.6541874017755 318.57067051265335 0
1005.209194457153 333.2198604207162 0
1001.3166401848932 341.6562396456957 0
0.0 0.0 0
0.0 0.0 0
0.0 0.0 0
0.0 0.0 0
0.0 0.0 0
0.0 0.0 0
0.0 0.0 0
0.0 0.0 0
0.0 0.0 0
0.0 0.0 0
0.0 0.0 0
0.0 0.0 0
0.0 0.0 0
0.0 0.0 0
0.0 0.0 0
0.0 0.0 0
0.0 0.0 0
0.0 0.0 0
958.894649026947 565.0575652687858 0
1051.744277961492 631.9517179146364 0
1053.359899141688 648.5382971577029 0
1054.8548038650204 665.0491280821961 0
1050.9570359275763 678.5943623655616 0
1050.3471179033222 694.1555531090887 0
1046.791929374655 708.4650002618953 0
1044.1229321090366 722.9849947571721 0
1042.933574326456 735.1636277337465 0
1039.5675880828092 753.6280447327387 0
1036.305341192173 768.2260343262092 0
1034.3505902408788 780.855208389075 0
1033.1035978204625 797.3217394317154 0
1028.2058160115018 814.9458877251432 0
1028.9823181837992 829.9875835607991 0
1023.0269739874535 843.6182848267777 0
1021.6345410456726 860.9058395332197 0
1015.8946440590105 875.3508280525108 0
1013.2729689232007 892.0638376537648 0
1009.5078004431863 908.3270340820865 0
1004.9337658142338 923.7603186576173 0
1003.6252662073608 942.7965448760427 0
1000.0247526915537 959.6595719338171 0
997.264985188043 978.3003369711636 0
995.269571582628 997.3562452212008 0
992.4826006606537 1011.369016425689 0
987.6315322028635 1032.7753659913778 0
989.9057107279717 1052.6688386516194 0
982.3334316306939 1067.905440149391 0
974.9232934648564 1082.7620107205635 0
975.2418808548119 1106.5840563765453 0
973.2029213653057 1128.2624135572516 0
968.431740976647 1146.7959552897544 0
964.6782914172803 1168.1698481249364 0
957.8434804798992 1185.3741463783294 0
863.3042778330553 1091.9568324229429 0
938.5060965882184 1213.4093730751983 0
915.6697253973389 1210.7324039566968 0
892.6183997827922 1206.7449574658299 0
870.3430012682524 1203.2157163798065 0
846.3069348863808 1201.9420002492711 0
826.8976805779882 1195.975010547772 0
803.9194395017113 1195.9074106264475 0
784.5069328536689 1188.4127533414176 0
764.7723123309819 1191.712763333482 0
733.4530300712837 1170.1314681176866 0
721.0644383815276 1178.9784034075994 0
703.3453826425704 1178.0022379925158 0
682.7085891597281 1171.5993266844828 0
664.964052876146 1169.1226660973305 0
647.1432640279764 1166.5168647830244 0
626.6086893080331 1165.1997899431963 0
611.4941194175368 1160.783761911654 0
592.1077753973777 1159.5742245815782 0
575.4624121241002 1151.1785318673697 0
557.0624941928942 1151.313327276112 0
542.9177690700983 1146.9966416811983 0
524.9300790403659 1146.5467335083533 0
510.2037274518721 1140.040857379338 0
493.2565944909495 1140.941248264428 0
476.43743457934767 1135.0631572434415 0
265.748594875014 677.7622623914345 0
256.742333821083 675.8789640343185 0
248.4967649814953 675.7583575463433 0
237.20186730357113 671.3265033854235 0
229.50156446307614 667.6563726266683 0
223.2438826271973 678.2021592928868 0
216.61595449863236 682.4467219180165 0
210.8911676599943 684.2374700372702 0
194.99422584603278 668.1266735333251 0
189.69593246974452 665.4918881582511 0
173.1944711215758 644.1216307289467 0
165.32967465147973 642.0553704156954 0
157.5286184116377 639.8950963879319 0
146.87004721908195 631.1364267968255 0
137.9797590707406 622.900944040688 0
130.51689396010477 620.4202933423493 0
124.70317426463943 619.5749497262805 0
118.099921577672 620.8674645392105 0
109.83146630755624 620.352358751647 0
102.89309490185795 619.513527714704 0
96.29173218681116 620.5738492012562 0
89.67945508593505 621.5638304595029 0
82.79250030095866 620.5009281974651 0
74.41344643321949 618.5399251381679 0
64.99352428662282 593.4516339187248 0
56.65779803618843 586.2686192537432 0
51.27703633840723 583.7522295840502 0
44.90553856666328 582.2709786740517 0
37.18968917233842 579.8085261698596 0
31.062464350257454 579.1676124478033 0
24.76594181502391 576.4682542222207 0
19.594440913582478 569.6631091138728 0
12.161901041398954 561.8683904288079 0
6.091425408662919 553.9665103022842 0
3.361655463659485e-14 549.0 0
-6.943604565559095 544.9557655036207 0
-11.50871824485574 544.878472142514 0
-19.853296660869923 546.6395948078547 0
-23.234535525660192 547.5072203714823 0
-31.660214827761955 549.0879991377155 0
-34.82280665799225 545.8904396822315 0
-42.71343775980817 540.3143179990134 0
-45.76431741465348 520.9938840826933 0
-52.56765253727649 511.30484244403567 0
-56.606088471707864 507.85504895386555 0
-62.13101095607482 508.21623102531476 0
-69.4048440466753 513.3292974522852 0
-73.04942602437673 515.8534494965688 0
-77.37256471891922 492.96499493251713 0
-81.33632919632795 491.31293648027076 0
-87.80171167280386 484.10211673501885 0
-89.06842288341643 452.3138468420582 0
-91.4446097009077 444.6952702206857 0
-97.0283653140982 438.3908031933082 0
-100.1047403950523 430.5148556675358 0
-103.0245935385441 422.6238671989761 0
-106.28229766731755 416.6582210908069 0
-109.93973542014103 412.60423480103714 0
-112.47258421732708 407.7731204965284 0
-117.73929576273373 403.15934595801633 0
-121.73424615936001 400.92614446056314 0
-125.08872601993453 399.89224876547655 0
-130.31243717376762 398.2206281922533 0
-133.71325819629706 397.0916324760954 0
-138.01635304389308 398.79253540213546 0
-145.69239004606288 401.3760424871742 0
-150.5500147633611 409.1829579231664 0
-159.5162815714994 419.70889425124426 0
-0.0 0.0 0
-167.74693973537728 430.4706310649029 0
-0.0 0.0 0
-173.9632222811759 432.310996035898 0
-0.0 0.0 0
-0.0 0.0 0
-0.0 0.0 0
-0.0 0.0 0
-901.4720085866451 1982.6830855521916 0
-0.0 0.0 0
-925.0705750891971 1978.4085602079624 0
-949.1132041446821 1974.7569789010026 0
-972.541263859074 1967.7877146916521 0
-1000.6772648483669 1971.589716856829 0
-1022.0727611575169 1961.7113118142154 0
-1052.6728190827832 1968.1727403773039 0
-1075.4908873037505 1960.3610257619875 0
-1099.242313826343 1954.029256560328 0
-1122.480944246749 1946.54707875328 0
-1147.5496112927642 1941.1735856491107 0
-1171.7770952020203 1934.8339564830662 0
-1194.9450439567897 1926.4982070905505 0
-1231.074987239074 1936.8736086266224 0
-1254.8979937615952 1928.6866062824004 0
-1276.1342130759408 1917.1047102902464 0
-1304.916213725604 1915.807316813472 0
-1326.3824665615973 1911.972424591415 0
-1356.167186153241 1911.843760143909 0
-1385.331640795678 1908.1457609444712 0
-1413.9130217886136 1904.5298545353892 0
-1437.132096027865 1893.3516151435147 0
-1462.1122114330715 1884.2645464950758 0
-1497.0039190556452 1887.3951007491883 0
-1530.2659657373758 1886.3528498416879 0
-1586.6410719131322 1913.8354445767657 0
-1662.8197215588045 1963.5069578677587 0
-1703.259930968454 1968.3786748380855 0
-1747.9642741109426 1977.1044222376838 0
-1770.938681124772 1959.2491387508767 0
-1811.707051234162 1962.640711008619 0
-1845.5346262245089 1957.0646242284292 0
-1882.9162409790742 1954.5900924381133 0
-1914.841208829371 1945.8373891383817 0
-1956.0083819858542 1945.7934652992028 0
-1986.601499049285 1933.2352376198646 0
-2030.181846417913 1942.7973827641301 0
-2062.417438566061 1923.235375376246 0
-2099.0245152977363 1916.0010658084461 0
-2147.74670109901 1927.739636963021 0
-2166.977941813253 1903.0666303875962 0
-2209.866621151335 1899.4434755267614 0
-2244.947811030309 1879.7322484200304 0
-2306.168495041704 1898.3560973845454 0
-2263.166219603503 1822.8863547806775 0
-2293.286020766613 1805.9347238913247 0
-2316.9019651909452 1777.1790240981172 0
-2324.8279697476696 1751.8835323956123 0
-2353.007272261174 1734.1527547151172 0
-2397.5983231652276 1727.2947868720294 0
-2447.736091778364 1724.1299327503075 0
-2499.721882308401 1721.2250030453733 0
-2531.1788678186454 1703.4478386813964 0
-2586.2304842118665 1700.128490006933 0
-2631.950747580088 1690.331110259944 0
-2674.363905803407 1677.6253155385873 0
-2724.206124868799 1667.4342533447366 0
-2780.4327966792084 1661.4194121746125 0
-2830.7889505548046 1650.86732277819 0
-2889.0542049997193 1643.8801052915746 0
-2913.668810687434 1616.4028153982142 0
-2912.241527390806 1575.3000622549553 0
-2910.271408457626 1534.4120467182424 0
-2904.7254924562267 1490.9040255747284 0
-2892.7050287949282 1446.033753542611 0
-2887.009676269843 1405.5945820627996 0
-2870.1806268119394 1359.793796674122 0
-2865.8829273176766 1319.371080063931 0
-2859.686153858659 1279.798461254376 0
-2848.172386080403 1239.0117268085332 0
-2847.803765289573 1201.7881320775846 0
-2835.450952551656 1161.1691933882446 0
-2829.994002530905 1123.9034414215078 0
-2833.399632166382 1090.4781173592662 0
-2821.789536216997 1050.5354888323693 0
-2811.1750415075394 1012.6395637170639 0
-2798.1871850136567 974.4318742864212 0
-2793.4014466319118 938.9980606767737 0
-2790.8741601852894 905.1946873518734 0
-2782.1238218413555 863.3400488468315 0
-2778.8720890555715 836.3455701251276 0
-2518.253405086792 723.0489525397139 0
-2492.0667716683274 686.8975218666911 0
-2491.503872433692 658.2837182005322 0
-2478.0117097259604 626.5731932192932 0
-2485.5140058305287 600.3908117387192 0
-2490.7906003373123 573.6707986914538 0
-2508.4787774921024 549.6892057078506 0
-2556.1948890637855 532.1547605012864 0
-2464.5841995368846 485.7661200548405 0
-2458.801736352771 457.4877280415261 0
-2446.7876164314985 428.35307875334047 0
-2467.98491402097 405.03267049079614 0
-2507.875929420496 383.3109998855787 0
-2532.60617433062 359.541326890832 0
-2541.247995385664 333.20808205735773 0
-2519.8303852338204 303.1481975080442 0
-2517.9447047171357 275.75979400002626 0
-2528.699099653157 249.72357400396 0
-2448.534062313879 215.51089459396886 0
-2448.6956386212637 189.276700618967 0
-2423.6034264470627 161.82531110446388 0
-2401.226570113868 134.66981465491884 0
-2378.548926671692 108.00927473575317 0
-2375.566438214026 82.54149036166191 0
-2376.310568537177 57.245802103896985 0
-2373.7856219244127 31.903309309987275 0
-2383.9907045445525 6.657375246201971 0
-2448.92446707209 -19.234203276453645 0
-2459.56298685679 -46.3671616999042 0
-2370.968233682038 -69.954520016072 0
-2359.8934547132367 -99.73405838340702 0
-2338.9800187270303 -118.89689649314435 0
-2341.267294944815 -148.9411078976806 0
-2354.5076870198855 -174.97014535133795 0
-2440.659556538454 -201.94536161426646 0
-2439.3669233209826 -228.01099404968076 0
-2405.8805293444602 -251.59467109066605 0
-2372.2698278051075 -273.64185368017917 0
-2365.253561375067 -298.38161874110403 0
-2365.9623711747286 -323.6758535715273 0
-2375.242871444135 -350.7453515783505 0
-2368.4111321639552 -375.5432186071964 0
-2351.6072442516534 -403.6574894426521 0
-2366.7671178598234 -427.12809532680615 0
-2379.6848908063293 -456.1017654735255 0
-2366.8537168823586 -479.8213030703861 0
-2513.1846469722354 -537.4038799851018 0
-2511.223293957245 -565.0075821495883 0
-2525.5033288950076 -596.5382936075727 0
-2517.067836732249 -622.9113141435445 0
-2514.165896024771 -650.675685165783 0
-2510.9576426053454 -678.4487578600216 0
-2502.3836147794827 -705.7451696491933 0
-2492.8091941884413 -731.7829742277243 0
-2496.354623972958 -761.7831655850836 0
-2484.2897844179424 -787.1088025404447 0
-2474.0109737384096 -812.4565845766326 0
-2486.9953266212883 -846.1579316911658 0
-2476.9026997704 -872.2551323266051 0
-2473.113826220564 -900.628670738769 0
-2463.997408482747 -928.1194809884707 0
-2459.5687670373054 -956.4739830306884 0
-2450.1745550429 -982.9774411553539 0
-2446.039173518378 -1011.6824410918326 0
-2436.049824053575 -1038.0584062221865 0
-2444.090663080142 -1072.3720579372036 0
-2426.155522403555 -1095.4512226067998 0
-2437.7391086090847 -1132.595266791181 0
-2442.68783121076 -1166.6726872841728 0
-2430.128639494386 -1192.6121731347391 0
-2420.865915587592 -1220.2168736524866 0
-2413.9548678752135 -1249.1380611692048 0
-2405.8185125638415 -1277.5810285868774 0
-2397.1215710587962 -1306.4104154378933 0
-2391.806491719279 -1336.7354660401268 0
-2381.7780365326257 -1364.6092424906078 0
-2383.4994059683886 -1399.5094075240577 0
-2355.6112547436524 -1417.0732572894865 0
-2274.836366056625 -1401.6788175849301 0
-2198.288628582149 -1386.4804742391482 0
-2124.957511909838 -1373.1189214987714 0
-2056.003338856467 -1359.8070710990803 0
-1987.5796127366866 -1345.186709358029 0
-1924.6392000529563 -1332.683364351606 0
-1863.2719185367323 -1326.117173402277 0
-1813.4739045027777 -1319.9853778309252 0
-1758.9799711109877 -1309.671127127108 0
-1703.5615041640947 -1296.8265888429983 0
-1650.9881699115676 -1284.796506382257 0
-1602.781505233744 -1274.9099758338446 0
-1561.183878966082 -1269.1922218704376 0
-1513.7394231343317 -1257.6235362177906 0
-1471.0780368919873 -1249.3315850381823 0
-1435.7907251541344 -1245.91572490332 0
-1394.0110183118015 -1235.9216321536305 0
-1356.6988343827256 -1234.0681799578797 0
-1319.3097607160691 -1225.9782849950109 0
-1281.5242057277635 -1216.5462219471253 0
-1252.70641892101 -1214.8051810862921 0
-1217.9679191939342 -1207.3852524419858 0
-1188.8837488996526 -1203.9183658381112 0
-1159.318247657907 -1199.2519337684635 0
-1124.0562804479698 -1192.8195498001676 0
-1094.3426678915534 -1186.343173467103 0
-1068.247122028137 -1183.0824511751505 0
-1041.4786078205204 -1178.8347252487224 0
-1014.4795657172837 -1173.2144777243723 0
-987.0738822075737 -1166.3915084840376 0
-965.0327686639537 -1165.281406101026 0
-938.7211170794089 -1158.3970236275586 0
-918.2585665680134 -1158.138681214153 0
-893.0055771723868 -1151.2558530313809 0
-869.4178547069486 -1146.6619353221624 0
-844.6405039537278 -1143.9695883548623 0
-824.2182316623328 -1141.5464539804839 0
-802.7907856470051 -1137.1855409212098 0
-783.8226131065604 -1135.7914030238137 0
-763.2983132375691 -1131.636286537632 0
-742.7555410603941 -1127.3039546741957 0
-722.0515338806175 -1121.694068104422 0
-705.8104297730831 -1122.5451604383388 0
-686.4940741675854 -1118.065242341783 0
-667.3539395886999 -1113.3026180313427 0
-647.5807982067121 -1112.2086628838842 0
-628.895226700696 -1107.956133532858 0
-611.2517242515789 -1104.0902723959991 0
-593.7624783239377 -1099.9755085158104 0
-576.8963906828133 -1096.4996828167089 0
-560.6283605151485 -1093.680410991299 0
-545.3795992603227 -1092.4294451865758 0
-529.3471934142792 -1089.1797596468755 0
-511.97472033785675 -1083.0908944936123 0
-497.90853539435227 -1083.028665540045 0
-481.8619313979328 -1078.2254305429149 0
-466.10389267946925 -1079.6866032460744 0
-452.96855057217306 -1074.418676397867 0
-436.982835330172 -1074.5445554404916 0
-423.16580917079295 -1067.161982994535 0
-408.1082712216519 -1068.7299186232574 0
-392.8926236448462 -1062.6967517996227 0
-383.1125877974245 -1064.136149687229 0
-366.58329582056706 -1060.4247673575578 0
-353.3730571493103 -1058.576158092062 0
-339.63089453250427 -1054.6633849143768 0
-326.5337602443344 -1053.5581158249865 0
-314.15532846265745 -1053.1416949292816 0
-298.79685212899534 -1050.3258737924166 0
-286.01761838912904 -1047.6592585239775 0
-273.32921072053927 -1044.8402473904262 0
-263.4045330202717 -1043.2612577798395 0
-250.4601018024478 -1039.2452729770328 0
-238.2621299287942 -1036.9798249926534 0
-226.78153700514775 -1037.503799739347 0
-214.0980674350449 -1032.02617094751 0
-202.52058627695067 -1031.3032590533398 0
-187.92336257884412 -1025.93070418867 0
-176.12348400298586 -1024.9783014204008 0
-165.24129357739886 -1024.7630530502493 0
-153.72729664941903 -1022.5086397018176 0
-142.41823511762777 -1021.1160787618517 0
-130.90112846830544 -1017.6152979224144 0
-119.59179500439524 -1014.9787202535956 0
-108.67280432984936 -1015.2000894400503 0
-97.73229678228714 -1011.288484145676 0
-86.87467914798201 -1011.2753285445735 0
-75.72851409459093 -1007.1569848603668 0
-64.93736138225044 -1006.9082078802968 0
-54.10636642771807 -1005.5453749642478 0
-43.22556982735606 -1002.0681364623367 0
-32.83910873855919 -1000.4611901204648 0
-22.119538747652864 -997.7548426370032 0
-11.472842642489685 -995.9339204393536 0
-0.8665558636286319 -992.9996218936517 0
9.715046070053633 -993.9525229505969 0
20.296419496231973 -993.7927627808692 0
30.7201830648821 -988.5227717925674 0
40.81492591157632 -986.1557391319246 0
53.54779952029322 -985.5463627686596 0
61.73970142881005 -984.0651448290816 0
74.12157663948537 -981.2043578564441 0
82.51013466468137 -980.5345877008194 0
92.8500752493984 -978.6050600350384 0
105.13993441223154 -977.3610357446175 0
113.20878586477284 -975.4525979272514 0
123.5873380477668 -974.1920600550319 0
133.67906754438783 -970.839794662571 0
146.33529433480183 -971.0355202730469 0
156.18633374811773 -966.4609817009281 0
163.9418855221979 -962.1325574843762 0
174.9092150394537 -966.2974523894193 0
186.80200647363768 -961.0130125952629 0
195.24437261108534 -961.3743469448848 0
205.46839416096526 -959.241230869959 0
215.44928026578015 -956.0238530669395 0
225.38497414457723 -952.7027938606291 0
238.39871230186944 -952.622723838147 0
246.6218134881392 -951.5601300558055 0
257.26079507208254 -950.8111712211211 0
267.36884311709775 -948.0184079068426 0
277.72825734739604 -946.0777003347973 0
287.78475144325375 -943.0673023897841 0
298.41270027243166 -941.856602841492 0
308.2592571281535 -938.6800468715626 0
321.65366339121425 -938.4044548205275 0
330.500326224284 -938.5065446578633 0
340.6520627523663 -935.9338503027647 0
350.78612345948824 -933.2513571317561 0
361.4254984878944 -931.3284109500671 0
372.4352994446012 -930.2128507646033 0
383.0806329240883 -928.0437644198036 0
393.72190883822617 -925.7532384500654 0
405.56119148334295 -926.0891533554484 0
416.2193925787119 -923.5423202222019 0
426.86924096730536 -920.8733089388553 0
437.07914502880504 -917.1792741775671 0
449.0178587596501 -916.9645372177154 0
461.00129257991 -916.5990444243613 0
469.73708291050326 -914.4020302573322 0
483.69014132648635 -912.7611117831235 0
491.95417226566724 -909.4707759957998 0
504.96224493310757 -905.7494858911687 0
517.0575968295665 -904.6631646976865 0
530.1976358610541 -905.1472073245043 0
540.1280151342593 -903.9196464659485 0
550.6078573333218 -899.9199894672906 0
566.4474814631855 -899.5033355936009 0
575.8961816291801 -897.0504935536965 0
590.1889438625002 -893.7102497691669 0
600.445449037471 -892.8836781631692 0
613.0623486958975 -890.3457511615753 0
626.537530672123 -889.4912718286103 0
637.5709117030169 -885.3159506922848 0
649.6398448214343 -881.4721050721814 0
663.8019705367088 -880.8949675821642 0
675.5837628068975 -876.9467369411175 0
690.6028792517152 -876.6548141482147 0
698.0154336847179 -866.9160595685923 0
699.5804741612388 -850.1694890857565 0
699.8721052701707 -831.7139149158796 0
695.5065848960377 -809.1721636130661 0
691.5443233863391 -787.4455211582135 0
687.7297861323939 -762.7297957116214 0
684.2932585326611 -742.8611824067486 0
682.151964313463 -721.607717242051 0
678.8038784654468 -702.6765220072938 0
675.007893576355 -684.0214496707047 0
672.3127868650942 -666.9366661218219 0
666.6878238502558 -646.9685815631316 0
664.8377004344078 -631.5693406753438 0
659.8070192164722 -613.5598564057739 0
658.2716745309623 -598.9811370236986 0
654.9034996245338 -583.2927276929984 0
653.4177040818572 -566.8071135689763 0
650.2671205056636 -552.052236649099 0
646.8774668983598 -537.4295701012007 0
645.9908039301064 -522.7397834847993 0
642.8063894644829 -509.11682909096174 0
640.2854153592202 -496.11952882170533 0
637.7300926997267 -483.0117274613506 0
635.7842690308162 -468.91189284656747 0
634.2519064496532 -457.4369018400027 0
629.9024607594184 -446.3259906494683 0
628.0421282534369 -435.0391765564265 0
627.1210849818481 -422.2027294691374 0
624.8252919280671 -411.21448730195004 0
622.4387293282158 -400.21247885626474 0
620.736333605046 -389.84022899460376 0
618.8902452669934 -377.62397211162437 0
616.0663929650549 -366.81221279971925 0
613.8842934890497 -356.71567698581777 0
613.297578995797 -347.6939452994459 0
611.7137163319651 -338.2415250251455 0
610.6861273417402 -327.5842698792906 0
606.3834482627317 -318.6284884830592 0
606.2349199401772 -310.22608182602414 0
603.2382390976837 -300.6320456809716 0
601.9061216161184 -292.01030934034236 0
602.0061668072526 -282.5129645273617 0
598.8989906726304 -274.9563583031034 0
597.8758329193145 -265.06695080872686 0
595.1532551103203 -256.3134856608017 0
594.6768817804765 -247.17484960215742 0
592.135677035606 -240.2006244404551 0
590.9369309172703 -232.41889699006254 0
589.251970342303 -222.894852896413 0
588.7744796782331 -215.57739232031238 0
588.6760510180823 -209.96548992097775 0
599.8539510780959 -205.25895199965686 0
586.8126447337577 -193.84251334671833 0
585.9520437241258 -186.77580800392784 0
589.2720079323567 -179.4839844313932 0
600.8074386511819 -175.8022231412513 0
615.7281894611644 -174.5817765486318 0
630.6697131614646 -173.1234036773652 0
646.4003277755834 -168.49515201221183 0
661.3656302097377 -166.49175107877397 0
679.2570457832737 -164.95716339031657 0
696.6184101260162 -161.08317936240744 0
715.8732974592378 -157.5259406727587 0
736.735864685013 -155.6575269199218 0
758.6228993460875 -153.51643751643016 0
778.875879740984 -149.00122132958572 0
805.0213942274593 -145.13633189548926 0
828.8774905346355 -142.2782684917314 0
856.0638249281637 -137.27245772318 0
882.2021501188298 -131.84599472761258 0
912.9823124639968 -128.6362978629787 0
941.0745861284103 -122.3912715157469 0
963.4346539876317 -112.66617724824191 0
1000.1726202802265 -108.1236775261824 0
1036.8659507256532 -103.31021355987559 0
1079.7420856052386 -95.98452256926493 0
0.0 -0.0 0
1060.601078445278 -71.37473222866174 0
1179.1122306786995 -66.74838922327129 0
0.0 -0.0 0
0.0 -0.0 0
1174.6492504928901 -28.707809329367 0
1172.8520563235406 -18.629384789684636 0
1172.9849748844615 -5.937061166840548 0
