1665.9865768381903 6.687734666440554 0
1661.7417815556082 29.29592859755626 0
1660.3112965698015 47.82675488368562 0
1657.6518560818058 66.86795965590925 0
1654.9648566403469 82.09947189474728 0
1646.9224173960804 100.73009023251385 0
1643.6997503828695 118.97533606295426 0
1640.2272463246843 137.7337301249913 0
1636.5682331205037 156.14230157402042 0
1632.6724259163202 174.77056288894374 0
1629.625337863034 192.87886922831157 0
1621.96649859393 213.82394028486712 0
1617.4161672700175 232.2088324193708 0
1613.7333194832183 250.10752405650086 0
1612.7649583419302 268.72697881744637 0
1609.6126318592242 287.0055319313932 0
1604.3946366882942 304.31373574953307 0
1609.3007979296967 320.9858903173811 0
1597.018136911946 340.9135819739324 0
1591.0968411756921 358.569159299478 0
1587.9654259686788 376.5498717674887 0
1597.1041073218125 394.0602369889614 0
1715.4801570103557 443.97278171496686 0
1933.5119334593492 519.1681838964031 0
2096.9482241341275 588.6358341969415 0
2148.6747180142806 629.5378909694406 0
2152.02984825255 656.7096255043823 0
2155.400308690993 679.5951068796572 0
2150.9446890850772 709.6914431615339 0
2138.843218093965 733.1239243221111 0
2139.0015065328084 759.9819438976007 0
2133.194640732471 784.8628063236692 0
1864.2343270103588 710.3910007849439 0
1825.6047429106495 718.7567896459426 0
1826.4663221290652 743.5084223654266 0
0.0 0.0 0
2109.4395270491727 914.1476257818327 0
2103.3341117317323 940.4262939888938 0
2096.3316081845096 965.5349752994695 0
2092.7368967344532 987.4453306620326 0
2083.199221072895 1011.9965441251682 0
2082.6314737295934 1046.9991139589865 0
2078.5660643817623 1068.2378555361684 0
2069.659585805695 1093.9790669307158 0
2073.615178339322 1126.818571093316 0
2064.191374356616 1152.2195841209025 0
2056.9793785183283 1185.205398380531 0
2047.4938900197417 1211.366901616445 0
2043.0482609309945 1234.3916734597813 0
2030.613331664791 1258.5430057273438 0
2074.438052289428 1318.5108142194529 0
1957.1335428558145 1275.3526161139312 0
1889.77237276927 1268.438559457258 0
1821.487037885366 1253.2780899766801 0
1764.6501465288547 1243.9014673018485 0
1704.8079778683677 1231.3564709686495 0
1647.9065642652954 1219.3867128402496 0
1597.0914346322875 1210.5019411071514 0
1550.4939906362442 1202.2530453281847 0
1501.30066884274 1192.0508805132195 0
1455.4986776657086 1188.3453198937477 0
1430.9717807029624 1196.053829403925 0
1423.9381469354335 1218.308726761031 0
1421.3117629040235 1244.2643901641875 0
1417.311772584728 1269.896192329411 0
1413.6287552005163 1290.3680647281374 0
1407.332292821048 1319.263740721715 0
1401.4237445769697 1344.386658716853 0
1926.7286128397782 1874.3161025996933 0
1916.3500394066334 1907.673590126517 0
1899.1523129979137 1934.6166266303705 0
1888.51019823871 1968.6323250288226 0
1886.576867550848 2011.813043705113 0
1878.1407771715355 2049.630996332145 0
1872.4796193779966 2089.845945282578 0
1862.7737932156288 2127.8293623571085 0
1851.622107745067 2162.6152154532056 0
1852.8931981839066 2215.249601314447 0
1844.7695140975586 2246.658505393345 0
1824.6227496740487 2284.8474394085733 0
1815.1931218367301 2326.6875446515432 0
1819.535380999954 2376.413263152971 0
1805.8120670139454 2415.63630926239 0
1759.0854890452026 2407.8916591554944 0
1712.0739670104283 2401.1255134801213 0
1657.5903703609395 2392.9720357928722 0
1610.1746930963175 2381.7981563751746 0
1568.7347279577957 2378.207802800079 0
1519.3393220411494 2360.2663037249717 0
1471.320496346804 2344.5767202268717 0
1433.2590537149465 2343.4541781191574 0
1394.084397548961 2336.743394665009 0
1357.5292383319422 2336.2188183202998 0
1319.0310933247765 2329.48191125032 0
1274.7343116960503 2312.9923118300235 0
1239.4313933961043 2310.561364920696 0
1195.0952991819884 2289.8987370347 0
1161.3468392586656 2288.149802557496 0
1129.0770155593148 2287.5283807934866 0
1093.5751484732064 2281.4454616847197 0
1052.431678894822 2261.0669077359535 0
1021.3617605191034 2261.013302514896 0
992.4357366868825 2265.1269961189296 0
955.7321181154834 2249.3803854400644 0
924.8127584317592 2248.2175966400227 0
891.8291785444763 2241.0677625401436 0
862.4603288535662 2238.6074200613643 0
824.9704780680396 2231.3817939376017 0
798.5969875949435 2221.8379444514585 0
768.6948582894166 2218.605916975661 0
739.7468477174646 2214.723369021981 0
707.4575991560283 2202.151844309649 0
674.3740912308999 2198.913273659627 0
648.3180424537197 2185.8828229868536 0
616.984142543314 2187.6607524591404 0
591.4711162195265 2173.9758321283216 0
552.8447634552911 2143.865356667732 0
528.5901419941351 2152.0335642797536 0
0.0 0.0 0
1114.1034131643578 4872.245640849354 0
1049.0111798943258 4835.522675415421 0
995.0482163517452 4856.102145459382 0
936.9484679933892 4847.2772324599755 0
882.1216682899781 4863.651957360159 0
817.8625104816953 4809.962776773702 0
765.527922685173 4838.818864101995 0
732.4872746955804 4996.595079892811 0
691.1453028988631 5118.548932097928 0
663.507879498722 5365.127518879967 0
220.86803576251717 2094.386141755719 0
195.7725314166691 2078.8018462428568 0
173.04829017385168 2095.8681469185763 0
149.2000138820043 2091.6855298676255 0
124.9171959910177 2090.2707226925754 0
101.68300355134298 2086.5237997177933 0
77.30725762866194 2078.5628660009147 0
53.903130245756735 2072.2990741082017 0
30.043396011469905 2073.782388380251 0
6.857735128190245 2067.9886294341445 0
-16.96371194819461 2067.930422542533 0
-39.450744131361965 2054.6212884099787 0
-63.360845279216264 2062.026770748989 0
-86.37076761908146 2052.1832497369455 0
-109.3790823157001 2046.0784971138755 0
-131.90403806904592 2039.7395237483338 0
-155.2388339922618 2036.0905933726826 0
-178.14633817621342 2036.2219628995279 0
-200.7423276051004 2029.0942604787206 0
-222.87038582591288 2018.73470052947 0
-246.96740301392063 2026.0029866336722 0
-268.12927864663163 2012.2143747455034 0
-290.57255953213826 2004.0440583098323 0
-313.5575054573745 2004.6253242866478 0
-335.44991260411433 1996.0083557274734 0
-360.1985257796936 2005.9165042508962 0
-381.3999464432976 1991.8127624987872 0
-403.22640051993665 1985.4683250869896 0
-425.85979481037407 1979.7142306818087 0
-449.273636456992 1980.6852853456326 0
-471.82675446282144 1974.4061167280354 0
-493.5075238690942 1969.0988608712858 0
-525.5644527654101 1999.0675341241965 0
-554.7523330895358 2018.1424253336822 0
-583.2090178617165 2029.8796125595163 0
-621.3365199148462 2074.969139293428 0
-645.792446893441 2069.5835608970665 0
-669.1776676435625 2063.1922472535425 0
-698.9260802216754 2074.4212046703447 0
-726.6714789340532 2079.7013155027325 0
-751.2605930364135 2073.0732069443607 0
-776.47682250552 2070.17022104747 0
-803.8913489890904 2071.4832123433926 0
-829.2010460049138 2066.8707326062645 0
-853.9979932979098 2072.9812896992444 0
-882.2054033091391 2063.310356289659 0
-909.1436167447152 2060.3305278843823 0
-927.8585623169063 2053.067823608174 0
-963.2914520311261 2055.4730789878436 0
-990.1007416246664 2052.6912874161776 0
-1022.1308752856756 2058.167260887156 0
-1045.608586595221 2048.5855324194654 0
-1072.3905994866975 2042.6030946154374 0
-1095.139982632539 2040.7166433485081 0
-1123.048449257453 2036.918795784562 0
-1159.030053446331 2047.7446948309243 0
-1177.0127207486075 2024.7481461149584 0
-1216.8098071302097 2029.1204728334249 0
-1237.4324452486326 2022.4742132956826 0
-1229.8087967141266 1958.9638392590487 0
-1225.6139711291814 1895.2359731107254 0
-1258.4170157609753 1897.660563547454 0
-1275.835622965923 1878.7454492749025 0
-1276.254485236296 1833.5567863892948 0
-1301.879234745296 1826.5156605238847 0
-1326.9606684205955 1817.051288341847 0
-1354.9577943145084 1812.5281723676358 0
-1385.473148446006 1809.5041185184166 0
-1414.5348879222336 1805.9698366392597 0
-1442.7249648585503 1806.6235567416622 0
-1472.583376694661 1794.0287619440637 0
-1505.0613742836715 1791.7561942517027 0
-1529.2019195558619 1779.1170532673414 0
-1563.0700888616282 1785.4805788095546 0
-1591.5878572167117 1777.595030584952 0
-1622.0920884852003 1770.202885681108 0
-1652.0205894532085 1762.9191620782483 0
-1682.9858119294472 1755.6146379100908 0
-1717.8916363064973 1752.4167101201085 0
-1755.6690235549536 1750.1620724177506 0
-1782.9852291746186 1738.1207301407842 0
-1823.1616495338255 1736.7802393132818 0
-1864.3988504950248 1736.7558625992403 0
-1876.1460561504923 1707.7602220425892 0
-1860.4540318669071 1656.4394934045038 0
-1853.7586534754128 1612.5842163015934 0
-1838.1377328559959 1563.2717854074574 0
-1834.4860387070023 1524.1016940444267 0
-1819.5686928057105 1477.6690333634651 0
-1821.9995295949732 1439.4449326583135 0
-1802.0411128716871 1396.7991364259112 0
-1797.255549115213 1355.3130602095493 0
-1786.9781983929795 1315.5492839373908 0
-1786.9474026290736 1284.9980467834212 0
-1777.0741068246666 1247.0960744278336 0
-1761.8103277167727 1207.692166551774 0
-1759.8105109426158 1176.7565447346744 0
-1746.8845360249047 1140.0835135186605 0
-1745.5587327265039 1110.759069556599 0
-1738.3156926794875 1079.0618854283723 0
-1730.0947407954302 1046.5448809640188 0
-1729.439440726931 1020.3446578769938 0
-1715.0658469033613 985.410138361513 0
-1715.6623682993445 960.030540139992 0
-1708.0017829002138 930.4595152985921 0
-1650.3242150500485 870.8535957435332 0
-1618.428458082253 830.3314555462177 0
-1602.5483914024896 799.699726905851 0
-1574.759383555867 763.3039262985259 0
-1563.4127108387747 736.0194940269952 0
-1564.2607914442929 715.1840157260749 0
-1562.339141374784 692.6596619757082 0
-1555.070561321094 664.2563882361226 0
-1561.9581774239543 650.5003089764358 0
-1573.8744252089202 634.6087721370477 0
-1516.1636596762014 587.4723457978831 0
-1506.8103065603284 564.2727177912901 0
-1487.723691436459 537.9611676865496 0
-1474.9364889126468 514.2045834821326 0
-1469.2135196061972 493.874107244316 0
-1473.8534531641972 476.6099019071805 0
-1497.3088740229082 465.4998773063758 0
-1507.2059041047416 450.1770347672213 0
-1512.2914611099625 432.7857861042748 0
-1490.170034562962 407.94395214369905 0
-1486.8945493304109 389.24747805414785 0
-1483.4529561318066 370.4164236960944 0
-1474.0002090174764 350.0691129140584 0
-1465.137531055684 330.72044855444705 0
-1466.8940097460827 313.40383560361744 0
-1511.5249327696283 305.05143437750064 0
-1523.6794897156888 289.83066197305345 0
-1520.0256291074263 271.03152373215397 0
-1474.7117394788606 245.4593356204502 0
-1461.510705364105 226.77622914696457 0
-1502.6311053585653 215.461739547643 0
-1465.7563368434119 189.84825783604776 0
-1446.5692952268228 174.029520791655 0
-1470.6258193730096 157.16456150628915 0
-1463.3791523387902 139.3608858331632 0
-1458.605773942707 125.55953257716786 0
-1413.266720912623 102.79190416021186 0
-1403.377526581145 85.83424658600859 0
-1403.249980240366 70.10344467579496 0
-1411.9490123724652 54.4884066606828 0
-1402.4733106448543 38.43973112369261 0
-1389.8208132620443 22.318311397371268 0
-1378.9846885708068 6.498360352796326 0
-1372.9713715908354 -8.866385508237345 0
-1397.782798203815 -24.642423693972855 0
-1419.3968639605573 -41.382877847433065 0
-1378.8785782958962 -55.622534252655115 0
-1364.1651900375346 -70.77665073919069 0
-1362.2915045027414 -85.94682518660638 0
-1363.2410030309968 -101.30630609711096 0
-1362.979950196036 -117.08823751176251 0
-1363.6007886940683 -132.26068604432228 0
-1354.0592652490595 -146.85879678513277 0
-1331.4555727281202 -159.70929168722031 0
-1322.6481445180011 -173.66025971156773 0
-1319.5700901105172 -188.7426218047257 0
-1318.3678189758396 -203.62292083380086 0
-1320.943705492342 -219.15457312171483 0
-1320.3417164052692 -234.47548255625395 0
-1320.5444136269236 -249.9969032582688 0
-1313.7940084784289 -263.71443511150846 0
-1310.6691398564938 -278.83042486041376 0
-1323.0326402650783 -297.18787457299766 0
-1348.7702474880814 -319.0843454181662 0
-1363.5615952233022 -338.71046047041904 0
-1392.4701671692583 -362.9708439304978 0
-1371.9275744845722 -374.0303869592398 0
-1365.67265955988 -389.022090543254 0
-1366.9229870403203 -406.19890140270985 0
-1365.0927794728293 -422.5668035129425 0
-1360.2489621986592 -434.63405393212184 0
-1363.6894161865148 -456.2840959105222 0
-1351.8476098418982 -466.27035051003094 0
-1344.6030821517877 -483.82181789157994 0
-1346.4365901099152 -502.0732106109468 0
-1354.8972802653418 -519.2825434477645 0
-1355.4266812629094 -537.1987636998203 0
-1389.1370793087276 -568.5940334629076 0
-1380.6532298265706 -583.7787757099937 0
-1394.0001837203918 -608.4443177378797 0
-1393.6101954230674 -626.6056361164332 0
-1389.0217103304315 -643.8786284935409 0
-1388.9630935204773 -662.7990078734474 0
-1383.0311940525394 -679.6364589084424 0
-1380.7085020808079 -697.74854516636 0
-1374.3540955259825 -714.5290897583934 0
-1372.4614683996988 -733.1340380572591 0
-1371.0693297812704 -752.5057427908027 0
-1366.6655260864993 -770.7050926305809 0
-1362.2990938182518 -788.4270283177575 0
-1357.4252556595184 -806.6211473161924 0
-1355.3061554106523 -825.659872529843 0
-1352.4891738353201 -845.457293219624 0
-1345.487092306486 -862.1302015569559 0
-1340.481287832731 -880.8665716045213 0
-1336.2081226241241 -899.9271376246601 0
-1335.4046394042841 -917.1120155452735 0
-1332.9293845564503 -938.1893496442829 0
-1326.0381654097682 -959.891547976487 0
-1324.9774346135428 -978.2861533134951 0
-1318.1302357487161 -995.8095609126448 0
-1313.7492068086895 -1021.2536519442853 0
-1314.0151436016033 -1040.3558056673003 0
-1308.9355388924123 -1061.090361385132 0
-1303.9292394932538 -1081.3900953839668 0
-1297.4849227440086 -1101.515717206057 0
-1294.1608222160178 -1123.8077087478803 0
-1285.814020480014 -1142.4019891163628 0
-1284.8149298932715 -1167.4530379948255 0
-1281.5341660697306 -1191.7089330855752 0
-1273.9402028688278 -1211.4620751449586 0
-1270.8667524423088 -1236.2955542817176 0
-1266.463580036854 -1260.7295508713337 0
-1257.9086584482322 -1280.5041222116267 0
-1254.1555160544665 -1306.4512779090367 0
-1251.803935784903 -1333.50212086574 0
-1250.9353235698088 -1357.5259910017553 0
-1242.5946101156455 -1385.3806823077716 0
-1233.3904871456768 -1406.9075684701356 0
-1229.7127931783923 -1435.237418092699 0
-1212.0677885987088 -1447.5619765113463 0
-1181.2553274503812 -1443.2119911399338 0
-1149.566514925515 -1437.976991388251 0
-1114.9629318147668 -1427.0874747817738 0
-1085.354725942577 -1422.155448210256 0
-1056.8486510459331 -1417.3549057248829 0
-1026.916845436899 -1410.8390385008236 0
-996.6980415336542 -1403.008914441736 0
-973.2292503164024 -1402.38148387968 0
-944.1160668444985 -1394.4536035042809 0
-919.7966601003632 -1398.6601102727627 0
-893.2768387562382 -1386.0943291643832 0
-868.9773198944304 -1388.4964593073664 0
-841.470033946713 -1379.6319008959301 0
-817.828933720705 -1375.1930174231015 0
-794.4158081958113 -1371.5423885861478 0
-770.9436090228976 -1366.5309918573928 0
-748.6512606131768 -1362.9182990855693 0
-725.8324502384621 -1358.2220930984852 0
-702.54575387075 -1350.1531260261481 0
-682.4333915850782 -1349.232621177567 0
-664.2306136348548 -1350.489797040416 0
-641.3036419205204 -1342.7113013821984 0
-622.2436518868438 -1341.7353828853602 0
-600.648861380294 -1334.012723073718 0
-581.2423364057462 -1331.6780190307225 0
-562.8234960084341 -1329.7991248082712 0
-540.519453663511 -1327.1502251860186 0
-521.2597195534337 -1321.9414906761479 0
-505.7854650339586 -1318.303858509252 0
-483.8760833482746 -1313.721407286771 0
-465.5919864887841 -1309.7038222886226 0
-447.2339001063252 -1305.519758025778 0
-431.36952582519086 -1306.6355008912585 0
-412.6594440448813 -1300.0800680114164 0
-396.3607428599788 -1298.8695706342057 0
-379.9687027318098 -1298.550262771644 0
-362.19919822374453 -1291.159455995299 0
-345.9735283984011 -1289.3902891086007 0
-329.85812524788173 -1288.4462026828876 0
-309.6821629561117 -1280.0726377619453 0
-297.82568644208925 -1281.8564118087868 0
-281.55017670363486 -1276.314419725074 0
-266.21727267727147 -1276.5360800730527 0
-247.73252060903326 -1272.102432287862 0
-234.9015923593785 -1267.4155758499373 0
-216.95097645586338 -1266.5533047664624 0
-202.31675980818756 -1265.9351992502286 0
-190.22394180296862 -1263.7637643028625 0
-172.05492420614362 -1259.3006404574 0
-157.10790033280543 -1254.198193130981 0
-142.52284613379484 -1250.9069662968236 0
-127.9007936381603 -1250.4760641398652 0
-113.5079917921692 -1244.8357063481544 0
-99.29927436266773 -1245.0464465677767 0
-87.56736919196706 -1242.9191268352088 0
-70.95936294362623 -1241.9745443488907 0
-56.80691956801686 -1236.6959908923425 0
-42.78128570701151 -1231.2569843835424 0
-28.549277167456736 -1229.6686296613473 0
-14.812251322881295 -1229.9108086405079 0
-1.0707593601936871 -1226.9995327930621 0
12.796520190052423 -1221.9329969646558 0
26.592344857130293 -1218.7099110104093 0
40.10458095221399 -1215.3384806656322 0
53.889282198223285 -1214.8053116710348 0
67.6114006783021 -1213.117347373418 0
80.94596664961878 -1212.3006023603052 0
94.67065460353697 -1208.2969283900948 0
107.98279019184358 -1205.1720694665905 0
121.53803668482097 -1204.8856815643544 0
135.4089529967794 -1203.4057567787831 0
148.965305970252 -1202.8105992288183 0
144.54460096115628 -1051.107919451176 0
156.74418355908622 -1035.200589702496 0
166.6719711855854 -1024.5313338405572 0
176.39460706784877 -1011.7380800372097 0
187.6708454635009 -1007.6728902590437 0
200.67813869866703 -1015.3586975293207 0
211.77383995196314 -1011.0592666664008 0
223.4461686743378 -1009.5681302937209 0
235.84393511031286 -1011.8787665880151 0
248.7907462204248 -1025.2454167637543 0
295.47330051623476 -1170.2754071935558 0
309.54915533226665 -1170.7691149125349 0
322.60718869335113 -1167.2384511330033 0
336.5860743855967 -1165.3663863908612 0
349.5820732466507 -1161.5340606562397 0
362.8333289945307 -1158.5111028258411 0
376.77374526025125 -1156.1563669688298 0
390.7444454040756 -1155.7330048007893 0
403.96030574895616 -1152.240023336809 0
417.88944795128447 -1149.3900161785689 0
431.7584257645099 -1147.4583486041454 0
445.6362588526847 -1145.3599105939509 0
459.9199353013063 -1142.933792094906 0
473.0413214136954 -1138.6487202975222 0
488.09402598318786 -1138.8086853372356 0
501.1794876377906 -1133.1108159271632 0
516.7077803496737 -1133.8117435121728 0
528.0477683794663 -1131.886281527197 0
546.2150297122712 -1129.9000581097528 0
559.0507644142947 -1124.721406752709 0
570.9865996730761 -1122.0763356357616 0
586.2651352035849 -1120.9452222319885 0
603.3722855449703 -1116.3793643006122 0
617.0582223819065 -1116.8774105473176 0
630.8697800027385 -1111.4348027119254 0
649.4794681424733 -1108.7837573040877 0
661.8885509349258 -1107.2504441820126 0
680.0487559067952 -1103.245072316038 0
692.3551264173881 -1100.2928605255797 0
707.1525553592498 -1095.605432374668 0
723.037450758796 -1092.3904269079906 0
739.1227271823088 -1090.039721369174 0
757.1467103632776 -1089.797164148479 0
773.709708018563 -1086.7057042814442 0
789.1227373810557 -1081.7607431166234 0
804.3362028289732 -1076.7447575069352 0
822.7623051574585 -1075.3502635011464 0
838.4214231237675 -1070.8172193456344 0
857.5811196234193 -1069.670801352193 0
873.6524384784782 -1064.3591577755174 0
891.4594293834053 -1061.2709765952395 0
909.3080467947259 -1057.9148718277668 0
927.8548885248009 -1055.0404285337263 0
944.2475628723687 -1053.860303839931 0
965.2803187974753 -1048.2647118653972 0
982.4614067418246 -1047.3135081067537 0
1000.0977539974034 -1037.4417971382054 0
1024.2599758863246 -1039.0247840149655 0
1041.8419460393593 -1032.7896007769061 0
1058.517465402523 -1030.08241196412 0
1079.553940691661 -1026.9680078449894 0
1100.8333913775957 -1023.3156133022212 0
1121.43046314255 -1018.6357132635227 0
1144.7014514541297 -1016.6708351471526 0
1162.9578142846647 -1009.5192530082004 0
1186.711921006491 -1006.4048969182751 0
1208.6571391735802 -1002.0219158904343 0
1232.5534948707552 -998.1021402050428 0
1254.7763400705214 -992.7418276668044 0
1279.531058445522 -993.5795239804826 0
1302.5155580811065 -983.299151304761 0
1325.2174967082112 -981.3254233017822 0
1353.1112770062466 -978.7695704498196 0
1374.099195279795 -970.0388659901312 0
1405.7701441517256 -968.3280961593733 0
1426.2889149465013 -959.5107769591399 0
1458.9852767322645 -957.2810257591432 0
1484.2354143478608 -949.5731855921555 0
1515.4392439569654 -945.1136957399048 0
1543.6793190806263 -939.309938115622 0
1572.4611164711982 -932.1748962432707 0
1602.146997001211 -925.0000000000008 0
1631.5534202858757 -917.8330113661532 0
1663.7872505090527 -911.2743741834986 0
1704.180038948969 -908.0371109419981 0
1726.5391273311045 -899.9286870606736 0
1766.9636568635353 -895.6564270541703 0
1808.562068001142 -890.7071607365871 0
1844.5558440799834 -882.9715386525093 0
1837.3733013549117 -853.6599741513902 0
1839.6463753753571 -829.4728528217848 0
1828.6413514642961 -800.054252982154 0
1817.480185051817 -770.3517228798888 0
1812.3560708569867 -743.6709436490208 0
1811.382039715183 -719.3720221118298 0
1809.9697794072217 -695.5072951684782 0
1793.4855359244023 -665.5663997152799 0
1796.1011786781694 -643.8047498666743 0
1798.0779424091645 -617.022457469439 0
1790.4250497027886 -595.9422299155913 0
1778.2594512711305 -565.4638131347558 0
1776.7237840921478 -546.9310697348247 0
1773.4483603798085 -519.6007246590102 0
1770.476948269392 -497.32522120509884 0
1762.5670722094467 -473.2677001053623 0
1762.9003227281266 -452.30791738048003 0
1755.2900550321456 -429.19205806404153 0
1752.3249884832885 -407.1340500830689 0
1748.9511290953383 -385.8120631034508 0
1737.6162132896231 -362.37397162742104 0
1736.7093536348473 -341.6732664362708 0
1732.5511630870292 -320.79661358216026 0
1730.2195352196356 -299.79386241940983 0
1726.550106341659 -279.33086168843823 0
1716.751981808875 -257.7957194278071 0
1711.8292380144123 -228.40678597405193 0
1708.3906265439962 -207.9482318670013 0
1711.6007652938192 -188.9624836987808 0
1706.6977394353266 -168.5462138594215 0
1693.8879655958071 -144.02624764152537 0
1691.4236485299843 -124.50719334044719 0
1690.4881111488828 -109.02268600746518 0
1686.6387692564558 -89.278564286551 0
1683.700926065618 -66.15278955403139 0
1677.243966612846 -50.36542922289598 0
1672.7651703199535 -28.03007250180597 0
1667.9551856169564 -12.226969105381379 0
