2204.92262275405 18.4723487245692 0
2232.573385434782 43.647206649185364 0
2169.9758212777774 66.6778454198635 0
2150.096569344648 90.49167084530838 0
2128.960154146795 113.80976256567733 0
2123.5644356831967 137.32475196229458 0
2110.9295988136028 160.20371048337975 0
2120.9631537894606 184.81423177738387 0
2153.598250328502 211.9211555791765 0
2170.977511745836 238.14416535757715 0
2160.2399760384733 261.4177613041921 0
2144.297610332924 283.82522495456976 0
2141.9833720217716 307.90133806503826 0
2136.3762847107755 331.8740274944436 0
2144.434874272389 357.31648437255564 0
2219.9164968144237 396.22688850099166 0
2192.7565924898927 416.70436293866067 0
2169.3401094378705 437.4156942590062 0
2193.6556343887014 463.07554212536854 0
2182.4423110265566 491.0341729870356 0
2208.8423083588073 523.3695222346593 0
2188.397184006717 544.0062178242745 0
2153.0549839830437 561.2301096215132 0
2130.2504110140194 580.7729215232083 0
2138.057191095703 608.638191049456 0
2143.588117542486 636.180778026703 0
2130.5008018724047 658.6853066685491 0
2136.2188860257424 687.0988800652614 0
2198.361184478533 728.7414511183935 0
2187.2471923653975 752.2756938049284 0
2124.2342664336284 762.6780325335089 0
2102.4599284711976 781.4801655658874 0
2095.466516116675 805.6333408156868 0
2088.195618870682 829.7277007122807 0
2072.3213878099286 850.343498608375 0
2065.456411956322 874.6078037089063 0
2058.1506905967904 899.1839271227861 0
2062.6829875319163 923.5469089041488 0
2074.032085754106 956.5808419900916 0
2079.939213498634 993.4172678943545 0
2165.3555654628044 1057.9864248274928 0
2176.443702275971 1094.1612362093913 0
2168.3325335601153 1121.0776172526014 0
2163.622968106462 1149.4501519779724 0
2161.1825659782817 1179.2938211114017 0
2169.6854439516405 1215.5797276626377 0
2233.126025258113 1284.1044176058667 0
2242.297096214416 1323.9787507012336 0
2244.4758186611693 1359.3028725950935 0
2241.895422981929 1392.2018217243785 0
2236.3277894816842 1423.6007228123915 0
2232.84975475235 1456.6873283935615 0
2248.3381196164682 1503.9949135151635 0
2240.472500577453 1535.2325472566731 0
2239.5553921106816 1571.6512481043537 0
2230.793448371792 1602.987707595255 0
2236.109036816429 1644.9900836989568 0
2243.957106298727 1689.715214197778 0
2234.638764921227 1723.3901445439838 0
2231.4865704037243 1753.485581950369 0
2225.92637978383 1797.3794123062758 0
2228.0573993214493 1832.753454594736 0
2234.992038150215 1880.705077731526 0
2227.910815430231 1918.3361015445134 0
2228.10751252693 1962.268562817296 0
2223.8828903096673 2003.0960761251365 0
2226.3770288566607 2050.8472213647187 0
2217.8882782552437 2089.301458664592 0
2189.354965369384 2110.5463358127017 0
2143.567237755342 2113.1065986414255 0
2096.5897096564568 2113.4901441366255 0
2042.2147900409548 2105.195418800349 0
1996.5493221115262 2104.659545954168 0
1945.697553003576 2107.056010702111 0
1902.3127089627085 2097.958616684076 0
1854.3909779140754 2101.9141516795776 0
1809.896171210243 2098.265199977949 0
1764.4275463737174 2092.358581505002 0
1728.2245244946846 2096.5039930644352 0
1688.386112518344 2095.4315391000478 0
1645.6959114597203 2089.805006933604 0
1605.4197176957841 2086.939512787467 0
1572.3952885347665 2091.951733810718 0
1525.4846337548654 2078.2157328289536 0
1492.6335527806084 2081.049273110452 0
1460.8991833861146 2086.380256804062 0
1421.7004954871509 2079.453943017635 0
1382.2856530263302 2071.0833815753463 0
1352.882135169697 2078.4874135627288 0
1323.51142450358 2083.1086167572985 0
1286.1015097045165 2075.887016852257 0
1250.9398651442023 2070.4372614964705 0
1220.122224557533 2071.356501701428 0
1187.4495483813957 2068.3782463681105 0
1157.5644766926878 2070.3691657043155 0
1122.5290073450756 2062.2882018934406 0
1096.5068160430799 2068.3214939585837 0
1059.0263754080402 2064.185828889955 0
1030.0989782087092 2064.254125608902 0
1003.0488652677236 2067.5340320984155 0
977.45882802488 2063.168252837424 0
945.4847709908827 2067.0238382332022 0
913.00445474895 2056.4345031166376 0
887.6041077512934 2060.9936797338873 0
861.0603358798041 2062.4742660151082 0
834.2197368470685 2062.6930044615965 0
805.2948429748693 2056.9835234824027 0
777.6646942984405 2053.692679843241 0
750.5382934705021 2052.0519657246464 0
726.26414427217 2055.465979466606 0
701.6096640458811 2059.786367397703 0
672.3671043635342 2047.424596162163 0
645.7837843316908 2044.4312910670878 0
620.0021033510124 2041.9484302597655 0
596.035799886013 2044.9061898420282 0
571.5427422897554 2045.6575700091903 0
547.8824076347685 2049.015828978471 0
524.4659647446837 2053.070006557114 0
497.47734496391325 2042.2831075165989 0
473.7310578913793 2043.815765862744 0
450.01271455491826 2045.0732399449446 0
424.285659339577 2036.2666031929073 0
401.51434699855605 2040.8787884522499 0
377.6005542391594 2039.3366130774682 0
353.92851979730597 2040.5331663254308 0
330.8305287648826 2040.3529501625812 0
307.2161313625415 2041.0081451651863 0
284.61799230308304 2043.272277122499 0
259.6459286352222 2032.4824702179237 0
236.4646331258871 2031.282717220978 0
213.7607073823513 2033.7972760281189 0
191.03011071581994 2036.0580779535492 0
167.7819608485419 2032.085188572029 0
144.9310578338783 2031.837589098881 0
121.74661846737423 2025.3441092544642 0
99.65353038305086 2037.5645201765255 0
76.39800027195717 2025.5597610424743 0
53.82103677575904 2028.286048860067 0
31.05446960855479 2021.761514105294 0
8.482275359692906 2024.9822347380536 0
-14.116108322478603 2021.9507252863082 0
-36.754615686477216 2024.666416530323 0
-59.89782046907358 2030.116560964679 0
-82.054124960992 2025.338519995333 0
-105.0769016830743 2025.2759922372768 0
-127.50353187023947 2020.981902284287 0
-150.21790962607423 2021.4261251966575 0
-173.1285873865714 2023.6075440236752 0
-162.34292759003077 1603.804468712286 0
-179.911647705878 1598.9098783295312 0
-196.1622345944901 1583.8991059151767 0
-214.91384141094048 1589.5370523425975 0
-226.27329673764447 1543.5026385411454 0
-237.1002349269184 1500.3814443659319 0
-0.0 0.0 0
-0.0 0.0 0
-378.3041322467843 2011.7392931304514 0
-401.73028299734693 2012.2914251476775 0
-427.2221985750001 2020.3232892398046 0
-450.4987009799963 2020.383854720517 0
-472.93236623405636 2013.196209257373 0
-495.86911280677816 2009.729788544773 0
-519.7888884170203 2009.8745014249516 0
-543.773579025459 2009.7348817079935 0
-566.5378172887513 2003.4367725440445 0
-589.5121535452984 1997.8399387394338 0
-616.1401092497232 2006.5324233048764 0
-639.7764575387401 2002.2712314716957 0
-667.4564351495908 2011.1347312344342 0
-690.8556237580864 2006.3904174217503 0
-716.2626447371854 2005.9580812554616 0
-740.7048932969029 2003.4600722365353 0
-764.4659912507739 1998.7975755991329 0
-790.0343506907514 1997.4357873855777 0
-821.0211605945144 2010.847645610188 0
-845.2954044655627 2004.0211274308963 0
-870.4196999021962 2000.8731958877781 0
-896.3970442439221 1999.2381896789486 0
-924.0529376289284 1999.8337852079976 0
-915.4979835731928 1925.431754717216 0
-912.9883200636962 1864.4646221978228 0
-913.5167981960665 1813.9592220922739 0
-906.1374143290486 1750.358816458233 0
-903.8562217420039 1698.4757668033624 0
-906.5661245881744 1650.4020303396317 0
-903.3312079972202 1601.8469741702181 0
-902.1756812318358 1557.5875706341114 0
-900.6162651795108 1515.6052727851368 0
-896.9361186146501 1472.3048594379109 0
-895.0336372898829 1432.3532344082037 0
-893.7175256160484 1395.3200293863513 0
-893.352384189214 1353.8114778887962 0
-891.6167344032476 1318.8948399823576 0
-892.6302927395637 1289.1218563361963 0
-907.5523631588218 1279.8865997129737 0
-926.4919412785345 1276.1432845671889 0
-953.0659675190892 1281.434454647175 0
-972.165658614205 1277.074364401388 0
-996.8173012711766 1279.5465086844042 0
-1017.2808276983174 1276.151917914723 0
-1039.1305003872285 1279.1058608125397 0
-1065.1988901378381 1275.7724422674748 0
-1090.4232731463783 1276.7216162424522 0
-1107.649970247922 1273.7564694280368 0
-1134.2158878457801 1274.3587876882273 0
-1160.496106740806 1274.9214823821237 0
-1184.2034609308355 1272.1266301431754 0
-1209.3709700146906 1270.4085393627226 0
-1242.0670185181903 1275.0174592958847 0
-1265.4060408287107 1270.2742034042128 0
-1296.6427187707054 1272.8733872066434 0
-1320.1578346623614 1267.3134148976667 0
-1354.867600072585 1271.4156622731819 0
-1380.2577109231217 1266.103333633264 0
-1412.1800936796576 1266.6319050990755 0
-1439.7732313222414 1262.647235916632 0
-1472.4472770802881 1261.594235964498 0
-1494.330520543434 1257.4519057890006 0
-0.0 0.0 0
-0.0 0.0 0
-0.0 0.0 0
-0.0 0.0 0
-0.0 0.0 0
-0.0 0.0 0
-0.0 0.0 0
-1386.6372160140854 959.0793664575975 0
-1471.2466044628586 998.357365303882 0
-1362.628489780028 898.1467579631959 0
-0.0 0.0 0
-0.0 0.0 0
-1362.3940016222407 833.2416122252523 0
-1477.1245372918272 885.0915779343999 0
-1481.8888851043776 865.252178387379 0
-1479.439983418332 841.4638052008922 0
-1482.6238038548909 821.4935521614605 0
-1480.545179380571 798.1916886393595 0
-1476.971870507821 775.0987638544062 0
-1482.9279507611516 752.6577528009203 0
-1480.7397956740053 734.723524536478 0
-1477.979886047927 708.446509228295 0
-1478.5487096150378 688.5163130207637 0
-1478.179595598211 667.7342908351412 0
-1478.1057898832437 648.2277947709681 0
-1474.953981817762 630.3386006900806 0
-1472.088961533343 606.1502201036337 0
-1474.1233763460837 587.8173792174085 0
-1470.5327255479733 566.841691385213 0
-1470.2132682797044 547.9360781827658 0
-1473.511845101259 530.2064148482958 0
-1469.9846945438753 510.17741797020875 0
-1471.9701230704613 491.94304221924995 0
-1473.482779645718 474.5023688955918 0
-1465.4761561293626 453.3603818336005 0
-1465.655853565673 435.5386537480673 0
-1467.6901815618724 417.80561382882104 0
-1469.3710941912823 400.5965396194956 0
-1464.1439749392225 381.3809390218306 0
-1464.43075417567 364.0378637236498 0
-1462.6878457839634 345.7647549937214 0
-1464.5073694969635 328.9668139631784 0
-1465.265105899241 311.45171284500344 0
-1464.730936309916 294.2775632233575 0
-1460.0662192333398 276.41026654894927 0
-1463.062601110399 260.0842656372606 0
-1459.9576892809205 242.74172593420124 0
-1459.6921054177772 225.45056527100712 0
-1458.159596948831 208.56555282697718 0
-1459.4068359422488 192.13455494791592 0
-1458.8777449496718 172.15320296340897 0
-1460.3522974384098 159.1608223350145 0
-1456.4106801847959 138.69726256729098 0
-1454.8795745042764 122.16965126518097 0
-1457.1507969324928 105.98374874951978 0
-1456.0566851340516 92.62790981360415 0
-1455.0165187207404 75.99954111557244 0
-1456.9057063509556 56.47798510945024 0
-1454.446809918093 40.118289084685166 0
-1449.7471588976218 27.07720938859376 0
-1455.9608814498135 10.672941856974122 0
-1148.9369996009734 -12.032079949566036 0
-1111.735374112859 -24.258152158431805 0
-1101.4004981032292 -36.344776487943996 0
-1101.9248458722213 -48.689157411906635 0
-1107.2815952568894 -61.71279288249968 0
-0.0 -0.0 0
-837.8380049820281 -72.85929870466197 0
-843.1288662896075 -80.88704982381982 0
-843.9538311507494 -92.42797674931771 0
-847.2610891698214 -98.78080167101216 0
-846.6158849858147 -112.06044480406932 0
-844.5738818053229 -119.59915623568776 0
-844.8666620849738 -131.24527914326984 0
-844.6274534001705 -139.0700002255803 0
-844.9650520844745 -148.99013643822633 0
-845.2137511255964 -158.78827068835506 0
-843.7668835994111 -166.3052799550809 0
-843.3504480991339 -178.33682090636805 0
-842.3146215573943 -187.81660818634643 0
-842.0767509708065 -197.81745492865485 0
-840.7492859808714 -207.59729796568848 0
-839.3461039096944 -217.22596035376736 0
-0.0 -0.0 0
-857.6216767791719 -230.28039325674624 0
-0.0 -0.0 0
-1427.8983642591052 -418.6290259241131 0
-1431.588219676664 -437.68044196993696 0
-1427.563053592794 -453.94683390989513 0
-1426.2016058092297 -471.11885929898216 0
-1425.4948489612875 -488.8900035640285 0
-1420.799131039071 -505.3650455251336 0
-1423.6024704651256 -524.0658413649865 0
-1425.9757308359935 -543.3868006004137 0
-1421.5802813639777 -560.2619955316565 0
-1418.012139543407 -577.2370155382703 0
-1415.0599376883483 -594.836425203978 0
-1416.477487807962 -614.4326867389501 0
-1416.829228041514 -633.4816008119632 0
-1416.931242967 -652.614628018705 0
-1417.4505134379813 -672.7518427729524 0
-1413.4417894169649 -690.2979848802748 0
-1413.6855284559222 -710.0825491689684 0
-1412.646756601797 -729.745942820118 0
-1411.3428719078631 -749.4766827025808 0
-1407.272761548855 -767.5886754002169 0
-1403.708837683229 -786.4365829550394 0
-1413.00449197813 -808.5804262098029 0
-1405.6001829015695 -829.2841044099873 0
-1405.5779118507337 -846.8953499207157 0
-1407.7887332516084 -870.1470464983672 0
-1408.2736001271508 -891.9946564777805 0
-1403.7753831971147 -911.9707635279727 0
-1405.9877792792993 -935.9056386822681 0
-1399.0579385049195 -958.6724595535039 0
-1398.3267763421725 -977.301502385271 0
-1401.960848446937 -1003.3353275061854 0
-1399.5394175729239 -1025.4337709767713 0
-1398.8317295192398 -1049.8908478933477 0
-1396.533727760589 -1072.7602468525356 0
-1394.6843548020051 -1096.326388659196 0
-1392.8694672010213 -1121.0970731114874 0
-1387.979634224199 -1142.9420523276144 0
-1391.9523226468693 -1172.5479655340268 0
-1374.0161952258482 -1184.346020070606 0
-1339.6983703600004 -1181.1029914680425 0
-1310.8257930194861 -1181.9309372187681 0
-1281.6910539415305 -1182.7104642499148 0
-1248.7634353852854 -1178.4222004208593 0
-1218.9723112124218 -1176.3258496256242 0
-1191.8222593255532 -1176.9386994130723 0
-1160.3069372530085 -1171.703380281265 0
-1137.0275399533116 -1179.0726751933998 0
-1106.9108216247855 -1174.6252308587375 0
-1081.5237142022834 -1173.6790258065012 0
-1054.2892060075692 -1170.0851550617713 0
-1032.8116875946923 -1173.1449262421943 0
-1007.9008394862063 -1170.9657970081794 0
-985.5399582803417 -1171.610852899879 0
-959.4853164468574 -1167.265577117253 0
-938.871267655506 -1168.5554085155495 0
-916.9100256996206 -1168.118574790899 0
-890.2065327576398 -1166.028013829694 0
-872.9412752639778 -1170.2877979114796 0
-847.0416357372884 -1163.2890729855148 0
-830.7214104287824 -1167.6433266435492 0
-807.5214880399983 -1163.1702568212734 0
-790.5511370990395 -1166.3232397716406 0
-771.404428051563 -1165.9070324783365 0
-750.3331858207623 -1162.9514651334619 0
-732.5017966567701 -1163.6434668293393 0
-715.2724080694277 -1164.9353553972692 0
-695.1320688746144 -1161.9412234799565 0
-675.0571292410053 -1157.53957697389 0
-658.9184500233641 -1159.9062359599623 0
-643.7814274621717 -1163.806458847333 0
-624.7789060745844 -1159.370656228734 0
-605.4990138929041 -1161.6673121744973 0
-587.058212598311 -1157.6556720462593 0
-572.3215651433877 -1160.5533275432986 0
-557.6560674905465 -1157.6893842438822 0
-538.4534171089796 -1156.8249295393246 0
-523.0347497870937 -1158.3935646036507 0
-505.6486163467339 -1154.0881581519818 0
-491.1618413883173 -1155.9827185403929 0
-474.77018614678536 -1154.16518330183 0
-460.3684026110943 -1155.680290511744 0
-444.9131803575562 -1154.2188968926669 0
-429.14601503281835 -1152.7071170863187 0
-415.091356707542 -1153.5922874164391 0
-398.82626851402506 -1149.7941587706814 0
-384.80596214830456 -1151.399310185271 0
-370.590028420395 -1150.8014732504346 0
-356.0324922530324 -1150.1551479953018 0
-341.93867553594794 -1149.2079629782947 0
-327.5081261735167 -1148.204871654145 0
-313.4078875534655 -1147.987585307121 0
-300.06030582432356 -1149.481540899467 0
-285.50975371339297 -1145.9691010382949 0
-271.9989139313557 -1146.1677847593533 0
-258.5193450838062 -1146.2079864568384 0
-244.25529143264035 -1144.219975619704 0
-228.07406953690764 -1143.4763743973347 0
-218.0737475967458 -1146.4435618943965 0
-204.19921874610208 -1142.9014301607474 0
-188.33383729567598 -1142.582323392711 0
-174.75407744362113 -1140.6914624107735 0
-161.24153537050555 -1138.640051671889 0
-148.582724394316 -1139.3525240291358 0
-132.6964622435099 -1116.1396189133584 0
-122.42873631275738 -1114.2944873438355 0
-108.20985459533335 -1123.8023079565448 0
-96.01704998582022 -1133.9421176197754 0
-83.76338891594938 -1137.92121637542 0
-299.5690499204819 -4371.748206876711 0
-70.61185005296235 -1131.7994374588184 0
-249.74581649266935 -4357.849472749651 0
-200.20079973768784 -4358.4043685486995 0
-152.68613088776755 -4394.3481820896395 0
-0.0 -0.0 0
-0.0 -0.0 0
-5.3866083303989765 -4408.99670950781 0
45.163785001197525 -4385.767462203664 0
94.53582769761607 -4402.985234733535 0
144.68968035691876 -4431.6386243011975 0
192.95527795896746 -4401.772854283576 0
238.75853171957655 -4338.435128422588 0
285.37541512240114 -4296.533122465567 0
331.9048914835055 -4284.162478595942 0
0.0 -0.0 0
0.0 -0.0 0
0.0 -0.0 0
0.0 -0.0 0
169.94989719749384 -1117.1468267164173 0
181.03784759404212 -1121.4817420442103 0
194.193893671657 -1108.1126890621915 0
208.0171743397634 -1114.7577562769861 0
221.4283498359526 -1116.2497417195343 0
230.40292082167738 -1098.0885638585075 0
247.0001720877984 -1126.232620282594 0
260.01488271347216 -1125.3520608091937 0
276.30556575829195 -1126.6122821676454 0
286.8163249888759 -1126.0463559373902 0
300.0877998811652 -1124.652529611916 0
316.99567258662 -1126.2387595715913 0
329.55584289701153 -1122.6276971518387 0
341.47298549773404 -1125.3320399665445 0
357.27858289703977 -1123.5626436488012 0
368.19984695259177 -1123.1887075216202 0
383.5849634998049 -1119.0851512627864 0
396.19205326060893 -1123.1708939129178 0
412.2860496042504 -1120.56066917491 0
422.9511725965999 -1118.7172590065645 0
437.80048846206233 -1119.4350058410625 0
453.46977830200746 -1121.8133357055121 0
467.1273057317512 -1119.4467741879446 0
481.3788766191286 -1117.749246094537 0
496.8696658655976 -1118.6136666171253 0
509.74956549677137 -1113.9032186307088 0
525.9962014019056 -1116.281324806057 0
541.4395262887002 -1115.5461619190253 0
558.7795894141386 -1119.2704634958286 0
571.2468410395061 -1112.959139682309 0
588.0361900519031 -1114.3668333135379 0
600.9737227932308 -1114.2650423090752 0
620.7585285477854 -1114.8250307717299 0
637.8329126330586 -1115.5241707654877 0
653.4771696911671 -1119.1888083305791 0
667.9929644977932 -1115.2512718582525 0
683.7430715047659 -1112.713535537889 0
700.5875096486662 -1111.6533368475443 0
716.0228283953173 -1108.9234911466028 0
735.9259957430489 -1111.44137442764 0
752.2242759440529 -1108.944831215893 0
770.8403961573384 -1109.5071354669142 0
789.3694997100931 -1108.700497396586 0
807.0057987326987 -1107.087006884192 0
825.3019258175146 -1106.0184136088792 0
844.6669159411279 -1105.1781761845027 0
863.7357373153707 -1104.3389769831874 0
884.140022612069 -1104.7721124356508 0
900.6098599210602 -1099.1555304928272 0
923.1092879260838 -1101.2893545951483 0
941.2111246328511 -1097.7420547958268 0
1031.589037767709 -1180.8675019482469 0
1080.027251491664 -1208.7936697531807 0
1110.6836288412585 -1220.1974744376475 0
1135.8269098801507 -1220.1582810406642 0
1161.3193116508685 -1219.505414660695 0
1186.243781730856 -1217.7133038219126 0
1213.3932299966525 -1217.6361810484652 0
1240.4794287564205 -1217.3145800622553 0
1265.245679856428 -1213.326983794824 0
1293.7316532966618 -1212.3478911839975 0
1321.938264900552 -1211.3332422548792 0
1353.4725008269772 -1212.2710874656577 0
1378.4241130969672 -1206.7190909374226 0
1413.3004019743355 -1209.207167436243 0
1440.946382927702 -1204.3909338448095 0
1474.443594332481 -1204.670945583031 0
1504.2489460299248 -1205.9929968154293 0
1531.0074505240823 -1199.600427825761 0
1573.3152673528584 -1203.760802449724 0
1596.4825040248704 -1193.018279131749 0
1634.7468918225698 -1193.389542302281 0
1660.6012832256292 -1183.1840001239848 0
1652.3715968530796 -1149.711749054172 0
1661.3685322466938 -1127.7936868330423 0
1686.5611593344536 -1117.1573102407845 0
1709.85197307162 -1105.3063965177657 0
1710.626367660376 -1078.0730171305968 0
1741.3036063347934 -1070.4194274047172 0
1776.4953058834922 -1064.4742496528122 0
1819.730782021644 -1062.0870402009884 0
1863.642376291953 -1059.9873080791501 0
1909.848704152508 -1057.3395515381926 0
1957.629297825441 -1055.3973338489495 0
2013.0526625655743 -1055.5320827609419 0
2056.5463220511733 -1054.2002775838148 0
2112.0450933807792 -1053.0268389391485 0
2173.1679493070965 -1053.359418291966 0
2233.834480938042 -1051.6389645559307 0
2285.457772615993 -1044.9171113486202 0
2332.815044991841 -1034.7356985528788 0
2342.5660745683335 -1007.4146049574168 0
2330.597406875512 -971.5661207890788 0
2337.5952877271766 -943.9752490376521 0
2325.9577522453387 -908.2563155683588 0
2326.602699726445 -878.6858810892651 0
2328.7572156604865 -849.9004827091337 0
2335.5628067887287 -822.0233424575937 0
2322.819607651494 -788.491008388656 0
2322.9278910545063 -759.6986329861753 0
2321.857467481036 -730.2971317912662 0
2325.206491811851 -702.4640705659089 0
2316.580395849593 -671.7136812402609 0
2320.1973625939872 -644.3199504996766 0
2310.819672141388 -613.997917622177 0
2310.748874607827 -586.4261577544612 0
2309.574218949291 -557.891501248022 0
2315.7959047219165 -526.9860792024774 0
2316.57505698601 -505.0950458579699 0
2314.3207893792196 -477.166934989366 0
2319.542246051662 -445.8337905336593 0
2316.607040825294 -423.50539358864575 0
2306.3807510494876 -389.26704354260727 0
2296.9807804472375 -366.2721587235382 0
2296.689356429078 -335.0507425232591 0
2295.342657380793 -316.05550969423217 0
2297.073128643579 -295.48441864775185 0
2296.2575857496463 -269.3419757245538 0
2291.670970494386 -238.0339534463936 0
2295.219610563402 -212.11303421804578 0
2230.6652820622003 -181.0425347877267 0
2230.553216380967 -155.9754752918649 0
2222.173479988905 -130.46464974850113 0
2205.512402843815 -104.78091859734096 0
2186.5583792314187 -79.41318664347939 0
2187.30900615186 -54.98464883002341 0
2185.786917484339 -30.521326221372142 0
2184.99148046554 -6.101663134629433 0
