1786.9721292843944 9.98043890807019 0
1784.7648638938633 28.97206602779393 0
1777.341009940518 48.403867444859905 0
1775.7256764143506 67.28537822437146 0
1769.8844753690212 86.5617920778267 0
1765.8679179328549 105.22117855015424 0
1765.6234787305934 124.39345382807636 0
1786.1269818835847 144.96345949044132 0
1990.9615467572212 179.08969633704055 0
2028.7408087136089 204.28345762702355 0
2024.423863335028 226.00226007648502 0
2039.7696379320043 249.7295020031462 0
2200.4472213730114 293.9932413369283 0
2213.962065130773 320.2201963678765 0
2329.7662497149395 382.76653679388636 0
0.0 0.0 0
0.0 0.0 0
2316.170977225645 436.8077429002391 0
2010.1899113427419 402.0404461442393 0
2001.8819928453538 422.59257769335596 0
1984.4250353611437 441.7536406549741 0
1980.583264048482 463.0830748052238 0
1968.8262574271755 482.132936092631 0
1967.2805249784751 504.7458132965693 0
1966.624982324543 526.9555758287322 0
1955.0293339107816 546.5897031122755 0
1962.5414381786984 571.2854833019006 0
1956.1413157452962 592.8297840310166 0
1749.2016881344737 554.5434646874018 0
1719.25197243715 565.9263691249679 0
1705.5576671684728 581.6158903974654 0
1699.3735943166062 599.4442317175627 0
1690.801097311317 617.4071989626021 0
1677.5827639875977 632.9021014120052 0
1667.8407567233248 649.9286193210502 0
1660.8268944790668 667.6481308106979 0
1655.2328276743299 686.6354827630465 0
1655.1852663790346 707.3625194776469 0
1651.2219083314826 726.555028505162 0
1652.3723042008135 748.5063582295707 0
1641.5904639457124 764.788695446331 0
1634.885621357469 783.6568158821831 0
1647.2248644145088 810.8922530488275 0
1631.0710755136724 825.3430478429391 0
1622.1917812243698 842.6611566508252 0
1615.4752356023994 861.8588997947238 0
1610.5942160286586 881.4092530119199 0
1608.8101954997726 903.191427581099 0
1611.9422579337238 928.0313341086754 0
1605.4158951767924 947.1725310172894 0
0.0 0.0 0
0.0 0.0 0
0.0 0.0 0
0.0 0.0 0
0.0 0.0 0
0.0 0.0 0
0.0 0.0 0
0.0 0.0 0
0.0 0.0 0
0.0 0.0 0
0.0 0.0 0
0.0 0.0 0
0.0 0.0 0
0.0 0.0 0
0.0 0.0 0
0.0 0.0 0
0.0 0.0 0
0.0 0.0 0
1526.7982729469918 1384.4161345946827 0
1506.593903201972 1396.0984244796812 0
1506.397704651327 1427.0217081114124 0
1509.085119160497 1460.3636886503132 0
1508.5769690495727 1492.3402857435717 0
1508.515510329859 1524.9281803069432 0
1497.0647979529406 1545.9304611560383 0
1487.8152264738474 1570.0238379950076 0
2012.17355373112 2151.7605790759058 0
1979.3208568263424 2163.0795051805735 0
1973.5266245038058 2203.3966193980177 0
1982.1278034998206 2262.572290688847 0
1970.294657167109 2297.9704010145006 0
1957.7589597454644 2334.8209472112326 0
1947.1600099422299 2372.199168636937 0
1944.7442280758717 2423.1010889695835 0
1931.376808342367 2460.5218194922095 0
1923.9520670121829 2505.531768674975 0
1908.8924507151785 2543.330417307708 0
1901.2343398969676 2590.111384631275 0
1883.589407383521 2625.1575084921283 0
1833.8292630844228 2615.092012502666 0
1787.7914937437781 2608.0731536706157 0
1740.6489809004538 2600.150404359373 0
1693.7087308799184 2589.244433216211 0
1646.8384837662038 2579.0546734000486 0
1601.9055650340752 2569.5685553634994 0
1560.4192691595458 2563.4142670344154 0
1504.34692733766 2545.739445074798 0
1467.4204169285722 2531.4330565869554 0
1429.6583554495778 2530.002566538858 0
1384.405921510677 2526.5750027430754 0
1349.8901150604415 2527.057909360628 0
1302.6176855606136 2503.3719590314 0
1269.5624670207517 2504.610776614239 0
1231.7740022599185 2497.7905851685373 0
1186.9388445557845 2474.007311889878 0
1151.6509078632807 2467.4742524325725 0
1122.4047358332805 2474.3275064103827 0
1088.7377333732607 2469.6662017222598 0
1044.6051615457884 2441.9533280699484 0
1010.7948680406901 2436.6652898464745 0
982.5562254164272 2441.722192202754 0
950.9917213782574 2439.167633818967 0
916.1369077862745 2425.766304941967 0
880.2257632769301 2409.237971986899 0
852.8606464847502 2413.7582144195003 0
821.1047864434806 2407.846118355491 0
786.1469898952895 2391.0796536875505 0
759.1352497519092 2394.5474880620154 0
725.0074265568381 2375.8409524708154 0
697.7007032956396 2376.7083810641916 0
665.4313581262703 2361.0188706620343 0
637.0848399509274 2359.503953525974 0
609.4249298685106 2356.4713566803143 0
579.8121574246117 2346.4242715465202 0
553.1917624891673 2345.6510554458287 0
523.8355765780483 2333.9366505351304 0
497.10018805476165 2334.664944491162 0
470.23817089190527 2330.022545521016 0
436.92412299823724 2321.2370216637123 0
416.70376619015383 2322.920138800071 0
388.2252803400519 2307.570395828671 0
361.21476399280704 2298.7937911595336 0
336.7206275289855 2302.509113770559 0
309.3761743082617 2291.2071889661975 0
278.91223123326193 2288.06314757012 0
253.80639482363082 2287.965540375692 0
228.53638158103385 2285.602791889669 0
202.5901025586199 2269.977588071144 0
177.3848402859351 2269.077041097709 0
153.01553948992307 2267.8437434432312 0
0.0 0.0 0
0.0 0.0 0
0.0 0.0 0
0.0 0.0 0
0.0 0.0 0
-0.0 0.0 0
-0.0 0.0 0
-17.298645563640044 572.7388208089823 0
-0.0 0.0 0
-0.0 0.0 0
-0.0 0.0 0
-0.0 0.0 0
-0.0 0.0 0
-0.0 0.0 0
-0.0 0.0 0
-0.0 0.0 0
-0.0 0.0 0
-0.0 0.0 0
-91.91337967750451 570.6451880426741 0
-97.56015189595139 573.764774765791 0
-0.0 0.0 0
-0.0 0.0 0
-0.0 0.0 0
-0.0 0.0 0
-0.0 0.0 0
-0.0 0.0 0
-0.0 0.0 0
-0.0 0.0 0
-0.0 0.0 0
-0.0 0.0 0
-0.0 0.0 0
-666.208165840438 2257.760545267704 0
-0.0 0.0 0
-690.8811355595234 2234.6373881522663 0
-714.6326172464928 2227.1554104658767 0
-734.6684104663706 2222.73330083994 0
-758.2906760018678 2214.7858250152835 0
-784.9372907942444 2212.9115322399566 0
-809.1407722922094 2206.3071433085574 0
-837.5753797164709 2209.5783496614936 0
-868.589372197008 2206.1716847304538 0
-886.6852002067264 2195.726156817912 0
-912.6974708296344 2190.4593871471775 0
-937.1493181666439 2183.3751751496566 0
-964.3356727429308 2180.2551938420966 0
-987.9069039727805 2170.7751954274113 0
-1017.2752339484191 2172.637129940292 0
-1042.082780263869 2165.288082236986 0
-1067.225520570543 2157.470437397216 0
-1092.6960055791485 2149.171105191807 0
-1124.768359392727 2155.1466626911947 0
-1122.415132298323 2094.172932397833 0
-0.0 0.0 0
-0.0 0.0 0
-746.3998020787169 1272.2076620807045 0
-763.9514613688683 1269.9221096871927 0
-781.121697864984 1261.7863896573479 0
-0.0 0.0 0
-0.0 0.0 0
-637.563142363402 949.8680116204063 0
-648.6505973226327 948.3951721687494 0
-0.0 0.0 0
-0.0 0.0 0
-0.0 0.0 0
-0.0 0.0 0
-0.0 0.0 0
-0.0 0.0 0
-0.0 0.0 0
-0.0 0.0 0
-1037.9977034628462 1250.2742769512047 0
-1049.7258111718888 1243.0626377457895 0
-0.0 0.0 0
-0.0 0.0 0
-1114.8415319372793 1229.9302251216288 0
-1132.5616516030243 1228.6354647812466 0
-0.0 0.0 0
-0.0 0.0 0
-1744.2086511470209 1750.3077390173107 0
-0.0 0.0 0
-1726.9539787700094 1695.296421045722 0
-1726.4473310974677 1658.4979990782117 0
-1712.514632843625 1609.2835773400736 0
-1712.2317433681744 1568.421645158719 0
-1697.3481501421932 1520.805792075002 0
-1690.39455581019 1481.914385410733 0
-1680.0160216204454 1440.4565828578839 0
-1671.5089748856099 1402.562564336029 0
-1656.4427560732993 1359.6493650394912 0
-1658.0344110554663 1330.7133018633099 0
-1648.7384059001506 1294.1706490682866 0
-1619.5935016252922 1243.6562585751437 0
-0.0 0.0 0
-0.0 0.0 0
-1621.934536949809 1163.3332961148358 0
-1612.1215318152003 1130.49775172612 0
-1606.3039720762033 1100.2711253560244 0
-1602.5123455159155 1071.9786296699572 0
-1598.619285197699 1039.7429398625404 0
-1591.8731163712578 1011.4029767478737 0
-1589.2993358854353 985.4073375787873 0
-1586.34799675308 959.5915970857028 0
-1580.1133531311261 932.9880981323981 0
-1573.6521261448788 906.3525726116201 0
-1364.5102716486022 762.2865068761602 0
-1351.4728760326113 736.2350612054155 0
-1348.002702390383 715.2375230286958 0
-1344.1143442792004 694.6406477473766 0
-1344.2878104379872 676.6943791017051 0
-1343.4492533378811 658.1489981044488 0
-1333.4512203063798 635.1667836587698 0
-1331.9717900988326 617.1508327636865 0
-1328.0700140007498 594.3526208506597 0
-1328.6246202008663 580.7379947929219 0
-1324.1334802604931 558.2468329092733 0
-1329.0761637692253 543.7394145180937 0
-1350.6849837030131 535.5922654400372 0
-1387.0214257185835 536.0415698409851 0
-1417.936528536763 530.7089607695661 0
-1435.9106632343671 519.5089674007943 0
-1414.0728709404436 494.37022126160815 0
-1381.4653097848045 463.0362813659144 0
-1384.502515780215 450.6537293735131 0
-1398.8397861459805 438.63795172678283 0
-1411.0889393622672 426.03286869615124 0
-1365.6105439790633 392.87255207408737 0
-1360.207737637356 375.17450669184007 0
-1362.1284346994353 360.39856739902007 0
-1361.1613616804573 344.174007542992 0
-1360.0027684907286 328.0144351969189 0
-1346.904246372037 309.4720522195422 0
-1343.284109832017 293.6201632599605 0
-1324.8405557823075 274.60244309624574 0
-1308.0631211016628 256.6317813790347 0
-1301.9556529835095 240.5981663776423 0
-1295.0594798602986 222.29922092524964 0
-1291.02792356787 210.02595212981262 0
-1300.5897643678488 194.14238285748874 0
-1316.066263357547 184.96105117592683 0
-1333.858100848707 172.76448361940746 0
-1354.4893301742945 160.79382588890277 0
-1364.12954327733 146.7466836353836 0
-1368.6236867128978 132.26565755476966 0
-1368.957932433738 117.60178241313024 0
-1368.1738285318897 102.39323669262284 0
-1363.1987035250056 87.43737591981753 0
-1344.0933678121532 71.6171669600495 0
-1255.9873546588585 50.44566321342795 0
-1244.4584531762803 36.71727547217975 0
-1229.7855209959137 22.968943136531262 0
-1221.960616956421 9.810739395304571 0
-1213.994656313757 -3.6020052252518893 0
-1205.8824439552209 -16.838389489009607 0
-1202.6357440334361 -29.60181030179261 0
-1198.247527613536 -42.47190327790967 0
-1193.7316951271546 -55.042166098818 0
-1187.9176947250714 -70.36725487804469 0
-1181.0869336207777 -83.00394707644077 0
-1172.3747844701584 -92.26789657594551 0
-1163.3396505264277 -104.23462722650744 0
-1160.173999221634 -116.41430981662133 0
-1157.8300039750554 -129.05301970555726 0
-1159.0184890852538 -144.56881392103787 0
-1174.6177507750845 -156.51881536761493 0
-1278.7264877638484 -184.72295334130087 0
-1290.4864652964666 -200.70048053413203 0
-1294.6063635892663 -212.92807084594608 0
-1291.7884652674966 -229.40479725115972 0
-1286.7882742209656 -240.11859013293684 0
-1276.2226571092983 -252.69889093718317 0
-1263.579393287825 -264.6660478005669 0
-1254.782601190028 -277.03000514526883 0
-1246.8914718424573 -289.24324961276125 0
-1231.0574056028918 -299.6442292290593 0
-1308.113019703696 -333.67698104855504 0
-1319.8241885308223 -352.1648923004059 0
-1314.0733400062898 -365.66002937799226 0
-1314.8418581749975 -381.250426873099 0
-1313.5115419239492 -396.32238043361855 0
-1311.9368424996615 -411.63906677090125 0
-1306.3806317558979 -425.72954439768586 0
-1303.745833605446 -440.02590986945347 0
-1301.6605299435842 -455.3250100609318 0
-1296.6573271473676 -469.3833997437962 0
-1294.227373316578 -484.66432317437074 0
-1290.859543512695 -499.1368939701783 0
-1289.0978715819858 -514.5587211220832 0
-1285.2114151123776 -529.4635194844304 0
-1286.7704282922523 -546.4667097569381 0
-1280.6840478708173 -560.5821701849052 0
-1279.2021471386554 -576.2385502167083 0
-1274.7064030138838 -590.8879640975996 0
-1272.2121405825255 -603.2746218385356 0
-1271.7935755133212 -620.2951727065446 0
-1268.9230785872255 -639.5898847141954 0
-1264.7063031104872 -654.4417215249991 0
-1259.3168785795165 -669.0269047839133 0
-1256.9465750933643 -681.8983115986292 0
-1250.653227578216 -699.5394944877598 0
-1248.2149173691882 -716.0171227401132 0
-1244.5760750048726 -732.2338380090513 0
-1243.4306887122514 -749.7893853400274 0
-1238.7809753214187 -765.0867239612214 0
-1236.2085652462606 -782.404871669254 0
-1236.056073129568 -797.5000840623856 0
-1231.6679072449022 -813.3696369197482 0
-1226.9367198579594 -829.4499897306597 0
-1224.4682906928988 -847.2298419482229 0
-1220.7909368131056 -864.688087459854 0
-1219.6143842522642 -883.5025487937036 0
-1214.6462603740817 -900.4323751172315 0
-1208.815952664156 -916.5440483602788 0
-1209.2644310060004 -937.3257362858091 0
-1202.9694569951641 -953.4618427272063 0
-1199.40443445097 -972.2988237261981 0
-1193.2602329420706 -989.2573054969246 0
-1195.8085514880597 -1012.6849994880085 0
-1186.8693384302228 -1027.7359454131226 0
-1180.9207751988076 -1045.1579415111612 0
-1184.5616110637666 -1071.0848657291417 0
-1177.1189826254038 -1088.1175950893057 0
-1167.4565332358445 -1102.8514147449528 0
-1168.4047129461817 -1127.9212857133032 0
-1162.0265070573064 -1145.9137824881047 0
-1149.8647886355718 -1153.8855956532573 0
-1118.4408417549932 -1152.530296128645 0
-1089.377440208206 -1147.162060375698 0
-1058.0388975859287 -1138.187019428333 0
-1031.5302725602128 -1134.0345218695297 0
-1001.7163737856403 -1125.8833449739575 0
-974.568602978369 -1119.138971749617 0
-944.9598678647812 -1114.2584296854006 0
-922.3980769578214 -1107.0965574982667 0
-902.1515057213616 -1106.9357075840853 0
-875.3462081551517 -1102.8295497801996 0
-849.067259050232 -1094.216518614541 0
-826.9013962224177 -1089.7972659744637 0
-806.9089917613297 -1087.2965920183483 0
-785.1135527163906 -1082.204097821223 0
-762.8086272024128 -1080.9495817407815 0
-742.5275997769372 -1071.9462503173843 0
-726.0274979593976 -1072.3381333361306 0
-703.1327931272649 -1068.384422962564 0
-687.8158684888347 -1065.2386263438584 0
-668.9674931496312 -1060.6594614244 0
-646.668981804993 -1055.6814045777703 0
-629.3799378629977 -1053.2852860529142 0
-612.7259240467475 -1051.5017555862944 0
-594.7596695985156 -1045.6911281153075 0
-578.3778769538799 -1043.4213106172995 0
-558.5172072781149 -1039.4510710823552 0
-544.6644673587502 -1034.3604874495202 0
-526.9897307485649 -1033.3836769010604 0
-509.81723087921375 -1027.4703845360461 0
-496.49550194460693 -1028.4241423404903 0
-480.41667433046695 -1022.7902126170617 0
-465.82033652486103 -1020.7327828966136 0
-451.50547890049097 -1018.4001190705146 0
-435.7144875410829 -1012.2039741805065 0
-422.98563952830443 -1012.1719956375158 0
-408.0767259218829 -1007.4931194608112 0
-393.6874993191317 -1003.5408077800568 0
-378.9281159048411 -1003.863777101658 0
-368.25840032674427 -1001.4363437527056 0
-354.3858429533335 -996.8824776844336 0
-338.87488828686645 -994.8692427090928 0
-328.9235905779893 -993.991082234284 0
-313.5145575736694 -989.5214106775994 0
-299.8717190541353 -983.2908786882535 0
-288.4796231061396 -984.6093169641142 0
-275.20065355745334 -979.057506115729 0
-264.41207627228783 -979.9547203424135 0
-252.12190627648755 -976.9931137810082 0
-240.5777453832714 -975.7803791972361 0
-228.91939003882604 -974.4726332043665 0
-217.22199984197735 -970.9992805273607 0
-205.66355900301835 -968.4020345384513 0
-194.01833987617619 -965.7027926809018 0
-182.81186452559217 -963.8157615377933 0
-171.48513202192035 -959.8009426414544 0
-158.41808958552346 -959.0034978518446 0
-146.95119105945994 -954.7572191118568 0
-138.32688759949696 -954.0239368941621 0
-127.76337104029395 -952.4691706404046 0
-114.80513473183571 -950.0888279730507 0
-106.06459747902194 -947.079353149256 0
-95.60913214653608 -946.1817446189639 0
-83.03043823453483 -943.3530337718648 0
-72.5101418978834 -940.2081042630663 0
-62.03598767224622 -938.9528935114524 0
-51.70673250313002 -936.5737631462083 0
-41.643767588238376 -935.0731504118044 0
-31.584772616455925 -932.4652283805369 0
-21.60924962837579 -930.7491822883857 0
-11.361810776780157 -929.9305937842204 0
-1.6161740668219033 -925.9985896217044 0
8.242383082432642 -925.9633162934276 0
18.0804595389598 -924.8232787851201 0
28.12597066624639 -920.5704371606126 0
37.842696195247626 -918.2205238093267 0
47.5125832561042 -915.7682864307608 0
57.419174655394336 -915.2005454444908 0
66.93971217465509 -911.5454321831547 0
76.64051126373859 -910.7811109334848 0
86.14371172680706 -907.9224972044303 0
97.91319107987255 -905.7229195579388 0
107.43218918291248 -903.6361683373275 0
117.17511148199661 -903.4328936059289 0
124.64267402695462 -899.4043605694885 0
134.50656412794598 -900.0044356593443 0
143.7640041668371 -896.5466586329557 0
153.13193435445035 -893.9796478001412 0
164.66497902357477 -891.9273763503202 0
171.90682381807412 -888.5229563296504 0
181.75735769614235 -888.601858496434 0
191.5731097782267 -887.5605577141762 0
200.79011680901397 -884.4955223130429 0
212.19669842370973 -881.8285327534356 0
219.57675510224655 -880.0199137626194 0
228.9868659998335 -876.5848590978368 0
239.09537394229918 -876.991677360391 0
247.87197100897174 -872.4726276440582 0
258.14937892506026 -872.6161230235239 0
267.7187616009553 -870.7741754822837 0
277.277047011319 -867.7778743438224 0
289.2457695786062 -865.9710646325775 0
298.27230800007175 -861.8454793524825 0
306.97240165850246 -863.0318329123272 0
316.98374668065486 -861.5365948932723 0
326.6431627114266 -858.9908289695976 0
339.1115788346703 -857.3723444923198 0
347.7082591665426 -857.1604088543593 0
356.8141464378835 -853.4100215616199 0
366.8192725872242 -851.335786431288 0
377.22681713045216 -850.0587794015355 0
386.96635553784927 -846.7691773333243 0
398.0859170043759 -847.1266745196878 0
408.6820023106157 -845.3993263466596 0
417.373061756377 -844.4902174212011 0
429.15413293299565 -840.810757653902 0
437.3998924847783 -838.8070898927264 0
450.5655746499819 -837.4912912623818 0
459.3011592443538 -836.1569500499251 0
473.1640413686565 -835.2938345011773 0
480.9356994114453 -831.9987097535814 0
493.03112237564994 -828.38174314081 0
502.8358642516042 -828.3218538843112 0
513.4980288739206 -825.2901152580214 0
525.8748264789663 -821.0241573033751 0
536.8463058918178 -822.2651907081491 0
548.9507825419154 -817.8496428724651 0
557.7604788118025 -815.5042907769578 0
570.1131878868252 -810.5874123112951 0
580.659540113996 -810.4588197278149 0
593.0835773086727 -808.8639380802854 0
604.0608263986329 -805.7043614196219 0
615.3165809245033 -805.9661936082549 0
627.385794506553 -800.4224290031991 0
640.5274007982359 -798.9371995511638 0
652.1657606324919 -795.9402117361851 0
662.9297999751778 -794.8264466566715 0
675.8947557895831 -793.0512461979615 0
688.3777511047452 -790.2152059938948 0
701.7216745408946 -785.1087131598547 0
715.7082831174803 -783.251334807052 0
727.0098880481238 -782.355815904921 0
740.3893579345631 -779.3898887317216 0
754.9127474859357 -777.9220678726346 0
767.5111442653491 -773.9681152531379 0
782.8241321185726 -772.7783499638196 0
794.8704793742093 -767.5974993571923 0
811.1249434833834 -766.5065727435598 0
824.2444078132647 -765.6671314537151 0
839.3866191870969 -759.5091201095978 0
854.911102388998 -757.1598292382055 0
869.1000614004145 -753.1036338206022 0
883.8832605853748 -752.7757844517625 0
901.227924313374 -747.6825719767763 0
915.3397032386074 -746.2668608983371 0
930.3979631625814 -741.9296665742111 0
945.3400088231788 -737.5183168696167 0
964.5243214534077 -735.569054083193 0
980.3164224970818 -731.237794279346 0
999.4834863818637 -728.8358940460843 0
1020.2137227502856 -727.4427537009378 0
1035.535499743549 -721.3253279698961 0
1054.0271547723778 -717.3923312960948 0
1069.9313122627339 -711.668453031146 0
1091.1104088969967 -708.57538455455 0
1109.6562554003708 -707.4736707827557 0
1131.8021848137266 -704.2107741655726 0
1151.2002476383298 -699.3904416257403 0
1170.743752471171 -694.0317471482995 0
1191.1703506381552 -688.8317615793964 0
1214.11357721428 -684.9556347851621 0
1237.548864370089 -684.0093627256157 0
1258.845890969696 -678.3856003695184 0
1282.1674271554702 -672.8675120270872 0
1308.1894778224855 -668.2823431114521 0
1334.8112616522942 -664.3492272639522 0
1355.5366868613548 -656.1678829178867 0
1383.2532312976607 -651.4994229503052 0
1413.8621495681914 -647.316631964924 0
1438.2555629633725 -639.4504950384453 0
1467.0145983410555 -633.6183143298746 0
1497.7639651053105 -627.7572021347253 0
1528.067372133002 -625.148867248867 0
0.0 -0.0 0
0.0 -0.0 0
1274.0250184977501 -467.235756595969 0
1259.2132838887132 -446.40553947974564 0
1251.5961158464522 -428.7611955367162 0
1239.1432061125465 -409.3276374069052 0
1231.9987071169207 -389.1570192894327 0
1221.7212898406262 -371.65318503970377 0
1217.0331102245368 -355.8853869115593 0
1212.3347758277093 -343.2847088333207 0
1205.0799051655815 -324.4786929308502 0
1197.9223125252115 -308.4657730676926 0
1194.3413786906772 -294.0215487804461 0
0.0 -0.0 0
0.0 -0.0 0
1886.2768399476636 -417.8321230794213 0
0.0 -0.0 0
0.0 -0.0 0
1180.2353727725242 -211.29473456880228 0
0.0 -0.0 0
0.0 -0.0 0
1174.6268527813468 -170.94079888952243 0
1175.3891175827025 -158.29220532975108 0
1175.315914267116 -151.18697586251554 0
1174.872628238751 -138.43159832700553 0
1174.3131120213145 -125.49786824809227 0
0.0 -0.0 0
0.0 -0.0 0
1153.9955142376368 -83.32678512586509 0
1155.6767214874442 -73.31654255372689 0
1160.5221359878713 -58.58644793933891 0
1166.0842213778 -46.22324797901966 0
1170.428584031549 -36.577721114127925 0
0.0 -0.0 0
0.0 -0.0 0
1786.9755042461516 -9.356667366746645 0
