1983.9709605266721 10.734420658524481 0
1987.7381229249302 32.26692843879794 0
1988.2628058333466 54.14808343522292 0
1986.5479670415787 75.96824759707575 0
1986.591370137441 97.85564927711138 0
1988.389884962947 119.87353910283255 0
1992.936427599197 142.15623640259625 0
1994.2714110228912 163.9589557687119 0
1993.3112573422886 186.31755513773942 0
2002.0824743986764 209.36753737309238 0
1990.7591928180534 229.9866000670747 0
1939.4985925316273 245.70349929912862 0
1941.586145438367 268.035892823674 0
1948.46277469901 290.50441582226523 0
1941.5321026028366 315.5029232235544 0
1942.6473880027734 333.10978053188836 0
1927.9850769498219 352.8080824737294 0
1937.7320601256886 376.65695687329946 0
1946.2764359658645 400.2212323253383 0
1949.5760573930443 423.2944559521103 0
1938.877486098477 443.7060895462784 0
1964.1049066049416 471.902443149422 0
1946.1913190933392 490.2941458815601 0
1907.8061751155863 502.9956244251405 0
1906.9807095750698 525.2700003889078 0
1914.5455436640893 550.0721418468461 0
1912.2136622963108 572.2367602027422 0
1897.3158504115795 590.2216225935683 0
1902.9741164160064 615.3775363553012 0
1944.5570044559497 652.1495659902748 0
1936.3242916477286 673.1628611078617 0
1922.3401657355505 691.7060699457653 0
1923.864963748408 716.625844678614 0
1918.6687246952956 738.8141341881112 0
1911.358414881546 760.2354963177555 0
1965.9298879893295 806.6874707780343 0
1965.08425462095 832.1056857399938 0
1933.8201102235548 844.0614795706286 0
1964.7067302350763 882.9742148947477 0
1940.5150926090723 897.4659744839377 0
1962.7101915680905 934.9035800095908 0
1968.6447263283371 964.0030816857522 0
1928.4500881964216 970.7529332096885 0
1918.721127607476 992.022799371413 0
1932.2477772314035 1026.52936021543 0
1922.5997178989353 1048.6707418131466 0
1911.1396676376214 1069.413470450958 0
1914.875961417521 1099.3243617719586 0
1930.049319389018 1136.8859330319772 0
1915.9220979164131 1156.6704434347628 0
1914.34956487615 1184.1734431486352 0
1920.6394288418571 1217.464654262301 0
1896.8577758613342 1232.3045801076908 0
1884.0260206238906 1253.6406796255885 0
1898.450995133971 1293.094280814371 0
1900.2392338685995 1318.734186281101 0
1908.2141698005455 1356.097224454211 0
1982.95476187783 1442.287908964794 0
1996.6575553370587 1486.0954231527126 0
2001.1476800432963 1523.362387174284 0
2010.8286378770324 1566.5149820839883 0
2083.420127496811 1660.1977509746157 0
2100.2208208320526 1711.0679424685447 0
2100.792564587725 1749.6932875715474 0
2096.0298771873195 1786.3859476434848 0
2111.2620007470464 1839.1771976080988 0
2107.6681163903704 1876.544460211766 0
2104.6557649997244 1915.7609743528615 0
2110.9918468428796 1956.169067990517 0
2122.0243328654597 2010.2093748480281 0
2116.3155848353576 2049.420490134462 0
2121.0256300370093 2098.929793186544 0
2129.0789500705005 2154.498508787299 0
2126.1118222934883 2199.3475212216604 0
2135.862080271101 2257.821333511579 0
2138.478060298709 2310.15488347017 0
2143.667525397673 2369.1168271225915 0
2138.455534172444 2415.384840634562 0
2142.5348721892683 2474.2823851478465 0
2111.1109113984094 2491.980481419262 0
2060.182315125295 2487.6794062830886 0
2020.1184552699783 2494.6385362768765 0
1980.5886400002041 2500.6736370630497 0
1932.7699530687564 2496.206984309313 0
1890.8900721907412 2499.298048430898 0
1856.5986969499515 2509.9651946757635 0
1816.0007642283697 2512.3975052371743 0
1769.6671288015557 2504.948553012468 0
1730.7877349218527 2508.919651292979 0
1692.480234908752 2512.041332152641 0
1652.5544770450015 2510.995758737661 0
1619.9804886145562 2521.442487249738 0
1583.567766963887 2524.423325718769 0
1539.175175995301 2516.6326266660044 0
1503.6531270611426 2519.4013720483777 0
1470.768199812136 2526.0185871092413 0
1429.7584585584873 2532.24302747198 0
1399.377523904616 2529.7477237049916 0
1364.2823661942582 2545.442520523965 0
1323.7195706386638 2536.353188794532 0
1288.0415943875043 2534.4817717094943 0
1260.9774402084736 2535.7759946977344 0
1225.4983109229256 2548.673751174335 0
1188.932481730372 2543.8756954470987 0
1158.4092655935547 2551.331411907712 0
1129.5232844903396 2560.97211031166 0
1098.202720678926 2564.771097835712 0
1060.9897610328549 2557.667243208828 0
1025.4154164615427 2549.5150957942965 0
995.5889799878883 2554.8711480085794 0
962.1447610661824 2551.6281975932347 0
932.8986735586334 2560.3369045640347 0
905.3544648149681 2572.326241564161 0
872.6402038874352 2567.770058739547 0
843.1085548965586 2573.4086276105154 0
812.8044662289848 2574.7522016066355 0
779.928944767783 2570.2736899235874 0
749.9417576030586 2572.933609754289 0
720.7094527071235 2576.0828567378417 0
689.4939361531152 2573.226401234078 0
656.740086959691 2565.2673268453286 0
629.3922428797064 2572.113800865516 0
599.7056972771353 2570.9829008870024 0
573.1320977080965 2585.2318268535837 0
542.8596993261772 2580.51784470627 0
514.4531791565304 2586.3307844233186 0
486.8057452846653 2593.7118510655423 0
456.1737627310262 2587.0899671630705 0
428.4785571196928 2593.8479381198554 0
397.3462847280627 2581.600265341791 0
371.65067667126624 2601.587933268793 0
344.84841512504744 2612.3369940698203 0
315.02432999561273 2607.0358017316935 0
286.0310975942128 2603.333864722128 0
257.78234341298236 2610.302140255896 0
228.38406969836666 2599.9885993419302 0
199.7824719912862 2602.342591567269 0
171.54551664487246 2603.3542086544894 0
143.6224356357029 2618.0635202343865 0
115.19646999280603 2617.466288856687 0
87.03234326988205 2623.5568168471123 0
58.09149404569037 2620.356154861308 0
30.23716057884992 2624.825844531429 0
1.3707815318818295 2617.999641130226 0
-27.040606341348333 2625.8607742240815 0
-55.6008351168902 2632.412875506862 0
-84.38123939292174 2626.64497152518 0
-113.68798923685408 2635.5490966975517 0
-141.9845442312289 2630.1704106767397 0
-170.5662717934304 2630.4758403996966 0
-199.55464551000145 2629.4385224711714 0
-229.40716167651016 2638.044039467789 0
-257.9395571630149 2635.407214236644 0
-286.4678109283714 2628.435312748234 0
-315.607474251405 2631.1389021100063 0
-344.51869584549286 2627.5096323730045 0
-376.30784339226386 2647.388979164464 0
-406.91012953929464 2652.9757153955093 0
-436.2428768551093 2652.3642571097166 0
-467.3395679341375 2661.277461717048 0
-497.6756800670643 2661.875826831482 0
-528.8596264095947 2666.0516678327717 0
-558.0879144345082 2662.1303273435246 0
-588.3720061601214 2662.7706214330806 0
-618.746947419192 2661.010374850018 0
-649.6285322573885 2660.846438650136 0
-680.3644696005899 2661.411878778839 0
-712.99549193671 2668.3855471947695 0
-748.3335057946372 2678.424530223898 0
-783.1418415909616 2690.3332239612096 0
-809.180068286761 2692.015716352234 0
-839.0291896424758 2683.9102106679893 0
-877.5078727168464 2683.152797236854 0
-904.0803352508583 2684.870154665342 0
-942.7932731122715 2683.184086896434 0
-973.8225074907274 2678.464060596011 0
-1000.2858064145667 2661.2172601059015 0
-1003.4142476129771 2582.944220785126 0
-1010.1582567630584 2517.925593875526 0
-1014.7858664528052 2452.3306557737337 0
-1016.9378062364311 2384.177321057944 0
-1020.5552811801913 2321.5862934759116 0
-1020.8596663785441 2254.655304378363 0
-1021.5482353863468 2192.715258025775 0
-1029.1132409538186 2146.002315304792 0
-1034.4629043698887 2086.6546191170723 0
-1032.3743964077291 2026.1488360043486 0
-1035.2403908729457 1988.6782879855734 0
-1063.549292164343 1979.3614887475014 0
-1087.0346177578156 1981.4024678989676 0
-1121.2484463555943 1981.7999196551516 0
-1154.1692132565436 1989.4455074645223 0
-1179.312057618242 1990.934220600025 0
-1207.5325656485902 1989.1691991628397 0
-1246.2364713102663 2002.9417509194159 0
-1274.823808980105 2000.3020412071414 0
-1306.5811314475004 2001.2360547784886 0
-1338.7182622040982 2002.77667612773 0
-1377.0384382790417 2011.8670779904965 0
-1406.7599605042085 2008.3153172552854 0
-1446.9417855542858 2016.6019610267604 0
-1475.7791608163827 2010.500402511796 0
-1517.8623296238354 2021.6028166553644 0
-1549.1364609574096 2016.686694886529 0
-1587.2813460290686 2019.9749821589744 0
-1631.5941642712435 2030.7450561594437 0
-1652.8382563787054 2012.1982253871015 0
-1650.4220027401288 1964.806151474303 0
-1658.5799516565555 1930.3205806194314 0
-1656.2750493317847 1885.9620783464852 0
-1657.537067062912 1846.0584690936741 0
-1665.9221276980768 1815.4887673697992 0
-1666.6267317709498 1776.64046361285 0
-1666.3773993117225 1738.2894934570306 0
-1669.2917797116627 1703.4347519605997 0
-1672.767020523086 1670.4330262091676 0
-1680.8758710749169 1640.8708986505121 0
-1673.9480639885203 1599.1006469478664 0
-1681.5590187684643 1564.7901668908967 0
-1674.9983512734982 1524.6657086820908 0
-1681.6906284543331 1497.805271111325 0
-1681.213702394218 1465.066717553138 0
-1685.8047124073753 1436.762844600697 0
-1682.5409166698157 1401.8402418720532 0
-1685.9840084001303 1374.075297579805 0
-1690.0416274476754 1346.7294819279828 0
-1692.9141847328804 1318.847058278634 0
-1692.7675672592177 1289.543315765434 0
-1688.3961875005143 1257.117064570252 0
-1695.6477167123062 1233.7697600477745 0
-1697.7005737660231 1206.9390050182799 0
-1692.799002357325 1175.649836310985 0
-1696.319200871125 1151.0869509971644 0
-1704.5081015966066 1129.901381356591 0
-1705.075376389773 1103.4849164484644 0
-1695.1238532874459 1070.78481592518 0
-1702.7218308807073 1049.160791605487 0
-1701.1201205668701 1022.9444439472542 0
-1117.8134061690353 645.8902298291708 0
-1128.3328223504825 635.523439384099 0
-1132.1666572802367 618.303048789908 0
-1129.0803044394488 600.8482887775594 0
-1133.9453150609388 587.2793393704125 0
-1135.4592302813132 575.5530699848347 0
-1135.4408907803834 559.9374818172556 0
-1132.744531859075 540.2914264944103 0
-1134.6973493698856 529.1180636993557 0
-1136.9672683406295 512.1664092090061 0
-1147.1986375803342 501.43722033154353 0
-1185.6980689239267 503.05475780482476 0
-1222.3809672016955 506.07684300217437 0
-1265.9235201054983 507.87167793026646 0
-1312.356126341161 510.08371632000046 0
-1360.9412570728814 511.8152936332453 0
-1413.2465580793314 517.454506287193 0
-1465.1362858050895 517.9687867210407 0
-1525.5446837525726 520.8237877384859 0
-1590.7772537450433 527.6397719726764 0
-1659.351325035059 530.2048473037513 0
-1720.519775925478 528.9723061270251 0
-1732.8557425219701 512.3084770025104 0
-1732.6976081555579 491.2840305688847 0
-1734.0523822769662 471.45661043152 0
-1740.0991863912998 452.6133245059582 0
-1734.2198526917973 431.10381873701937 0
-1730.0976318334622 409.9343658736675 0
-1735.4076663035876 391.4092892800782 0
-1733.7393047718767 371.04854546154644 0
-1737.775711292782 351.65974640391534 0
-1739.5147767503522 332.45953357840773 0
-1741.0966786710003 312.95903169714103 0
-1742.4602986216132 293.46398028970805 0
-1743.558103640044 274.28113174466375 0
-1742.4660719166113 254.8195208760394 0
-1747.226824872095 235.30283136285755 0
-1747.685823297747 216.13713943715393 0
-1750.9159944160717 197.32506302540025 0
-1750.9900475386673 177.85908304198563 0
-1752.839822286335 158.59557814519832 0
-1748.472243858919 139.1431365715051 0
-1749.9173768526769 119.60423984561064 0
-1755.1201312929866 100.58491303416244 0
-1758.1036317547223 81.67998537497394 0
-1758.8954533776675 62.34407820610636 0
-1760.466787400566 43.332325803372655 0
-1759.8327043265447 24.26628901830352 0
-1760.9947429761085 4.30293045608838 0
-1761.938168386683 -14.761124014825471 0
-1765.6745476068236 -33.90268327785197 0
-1763.195950972155 -53.254469065027486 0
-1764.5021164823404 -72.72056744375125 0
-1763.5797583765775 -92.42529872503833 0
-1763.4743925420612 -111.56642348130023 0
-1761.1438268856916 -130.87559368507533 0
-1765.6028741084424 -150.4343409597942 0
-1766.8282521017422 -170.12621072339778 0
-1765.812003542666 -189.95780622189633 0
-1767.6253112774032 -209.52507948086733 0
-1773.1482039159175 -229.97705744216248 0
-1777.487555250279 -250.12595013390123 0
-1777.5958370387696 -270.10560923912084 0
-1775.5559656866287 -289.48577290537617 0
-1775.1670057309025 -309.8162387034964 0
-1777.5521129140175 -330.4125994494034 0
-1774.853828408529 -349.8212226031876 0
-1777.752700469834 -370.7442999861391 0
-1720.8965544248038 -378.36364646836563 0
-1650.4186755326905 -386.1906206174877 0
-1584.9590640024308 -389.00998115284756 0
-1528.2871503129486 -392.9661387299505 0
-1473.6575839465859 -396.24402238609406 0
-1421.1419515652958 -398.6622047563359 0
-1369.572228362998 -400.75043517981675 0
-1327.881306358221 -407.4950750921838 0
-1282.4251233376804 -408.78087410290505 0
-1244.6249367804646 -411.86134407616447 0
-1204.0103577790712 -416.4553497803968 0
-1167.423475566927 -417.9981204446216 0
-1134.6990066448416 -420.18824866862894 0
-1101.966465020404 -424.7715974149341 0
-1071.1765112620462 -423.89253558003514 0
-1038.712766220812 -426.8545294241453 0
-1010.0181170222105 -428.1032624109612 0
-985.0899342794077 -430.3752099986621 0
-957.5006237496208 -430.9205907346352 0
-930.9295452635266 -433.7040255236784 0
-906.265884977527 -434.4043573974595 0
-886.1102686342961 -436.98122593637305 0
-863.3853219385285 -439.91679424762077 0
-842.6602915193107 -438.6611825732821 0
-820.0323549933164 -440.8037395078625 0
-802.8783067782049 -443.02982349381716 0
-784.1130344422706 -443.8104879537374 0
-762.6891015744853 -444.96554286765206 0
-745.7322885460686 -444.19292409925123 0
-728.7733300372181 -447.11791892795344 0
-711.8674735501395 -449.6762169620954 0
-695.887643869826 -450.5345570644968 0
-680.2443615779096 -448.8792805882915 0
-664.3819379452668 -451.00514468472704 0
-650.4290535083614 -451.89163120400576 0
-635.3489368264775 -454.19459317947053 0
-620.7109794764817 -453.95911705499054 0
-605.2738679158618 -452.96748759504993 0
-593.0315591784201 -454.2274428283831 0
-579.1765302702713 -455.76698737851723 0
-568.9337669496426 -455.80189646872884 0
-555.8094197115813 -457.6853602201793 0
-543.1740051346013 -457.23298234711376 0
-532.7283344379092 -458.7041766618342 0
-519.9357593910394 -459.6768496525176 0
-509.6570080734011 -460.6720461691475 0
-498.9136006992282 -459.09608911134393 0
-488.49986944862235 -461.4670925956465 0
-479.24696123275766 -461.02857845167006 0
-468.19047560370984 -462.3436801276427 0
-458.23288671482226 -462.4106632994106 0
-447.8116512308328 -464.20870847272454 0
-439.61581810486143 -463.7444689395157 0
-430.3294726082632 -464.2257478907154 0
-420.1950724665257 -465.36555639072736 0
-411.8243446054442 -466.13807953255264 0
-401.6111018893185 -467.0808525718512 0
-395.5838390175688 -468.276015089522 0
-384.810126913829 -468.14224998878586 0
-376.588890630041 -468.38211692381566 0
-367.96029922311 -470.1214930160494 0
-360.0234559283639 -468.68338052612603 0
-352.06150378123345 -470.9529674556649 0
-343.9124212318421 -470.7581613976034 0
-336.3915310461746 -471.25549104536765 0
-330.5447074978046 -471.7162243819803 0
-322.43168048773003 -471.2523861137027 0
-314.4527518890948 -470.6118005632406 0
-305.47712979327326 -472.9193622313044 0
-298.7414642454493 -473.65972758984367 0
-292.3273461347991 -472.9489641618696 0
-284.56782349736307 -474.16258164259824 0
-278.897929989597 -474.0421338314959 0
-272.17607097904227 -474.47780389224886 0
-265.56139916353214 -474.77694054609174 0
-258.9722951458684 -474.98878970653743 0
-252.16106644130957 -475.24603793317567 0
-246.08551698122554 -476.1700519059162 0
-239.5701294249183 -476.1251443552713 0
-233.00160631912723 -476.03597705709853 0
-225.89486372656577 -477.2373733709005 0
-218.29744666057522 -477.463322969915 0
-213.71468148006576 -478.43707519367064 0
-207.64560086172958 -478.9230673529636 0
-201.59176753121474 -479.33366172598465 0
-193.5431597487113 -480.4841780063989 0
-187.0743836935839 -479.8209822065577 0
-181.51822141201148 -480.8816229545687 0
-176.96990861901128 -481.50872416123343 0
-172.08773396763448 -481.1515476623604 0
-164.03323887233023 -481.8444733988894 0
-158.1856714210263 -481.69107668409123 0
-151.69811836662956 -483.7733776098309 0
-147.9005542338567 -482.8565274046919 0
-142.10196886118834 -482.5101350705225 0
-136.7880095675277 -484.04342825675667 0
-129.92170835769122 -483.86087845311386 0
-125.60968597255149 -484.99815132624684 0
-117.75911950181394 -484.90595972225117 0
-114.54053505481106 -485.6762973723935 0
-106.85330148895663 -486.4014514379147 0
-101.37979456335081 -486.55024124368987 0
-97.86831397984376 -486.248694721891 0
-90.20658511861315 -486.7111792441575 0
-85.78219976746358 -486.49502998803075 0
-79.40682740829004 -487.57620508075456 0
-74.12619906896147 -488.4069068016838 0
-70.74186264165145 -487.8981337020974 0
-63.325569088749376 -488.91601763450745 0
-57.945936946713935 -489.58274927877864 0
-52.644852601904475 -490.181108871531 0
-47.15611023995041 -489.73492959665197 0
-41.854010888634704 -490.21652539723107 0
-36.46137717613643 -490.64709106894696 0
-32.178339581230226 -490.9465902333929 0
-26.864005957919286 -491.2660431821976 0
-22.575932493913 -491.4817669782169 0
-16.14070079857255 -491.73517036889984 0
-11.67725048537906 -491.86140509405874 0
-5.248629504477885 -492.97205994693525 0
0.08604473168637913 -492.99999249118065 0
4.388223390539193 -492.98046968969743 0
10.840762413604692 -492.88079478743316 0
15.202917311299903 -494.7664815902809 0
20.642130264745177 -494.5694111630169 0
28.206051303213552 -495.1973532541147 0
33.64921579379637 -494.857282735601 0
38.0428691876125 -495.54186513752217 0
43.576730540148 -496.08977872501197 0
48.00040954169444 -496.6859779416262 0
55.75903812905586 -497.8874668707001 0
58.97307012354746 -497.5170117696511 0
66.60712683786379 -496.5526061299092 0
70.09100441078144 -498.0926129754263 0
78.12874508123134 -498.9197322135415 0
82.64293689426054 -499.20551377312654 0
88.30104557268076 -499.25136489625277 0
94.06780816493055 -500.2321935531997 0
99.75795494324416 -500.1483284242202 0
104.73118165907978 -502.19555910849397 0
110.37395816387031 -502.00955106376233 0
117.25063103475462 -501.47511356193127 0
122.99580286450323 -501.1267628831215 0
128.1047096981296 -502.94153075000474 0
134.14192541895454 -503.4351436331155 0
139.93734262119622 -502.893169709152 0
145.14995766284 -504.5359152632008 0
153.37605991849932 -504.18725117150365 0
158.66814937351143 -505.69201929077843 0
164.8385135513599 -505.818410548863 0
169.97089941700995 -506.22711637304917 0
176.42435673964707 -507.1917254342797 0
183.00715006934874 -508.0436822001578 0
189.54107825644775 -508.8449465734952 0
196.20258621921633 -509.5297294181086 0
201.37649541035208 -509.65822577119707 0
208.1012315757689 -510.1910205174609 0
215.84185049390663 -510.2237701003022 0
221.65738763833903 -510.99608854212096 0
229.96682198512192 -511.6993851726453 0
234.1873849836633 -511.98170740224054 0
242.06315667579395 -511.62625829813504 0
248.69639107438837 -513.9952383695543 0
255.22374947443558 -513.0203092512133 0
263.28840598580763 -512.3038310157875 0
270.073228566004 -514.4136965633156 0
277.7011278309953 -514.8855053323925 0
285.7674463616735 -516.1753254466239 0
292.8175314160278 -515.6616073506186 0
300.98631966866816 -516.731299005886 0
307.52750518324774 -517.5237516827295 0
316.9759495325822 -517.6632567779153 0
324.1294028827933 -519.1186089776053 0
333.05120811347996 -520.5774608779673 0
340.30879313110313 -519.452524604176 0
348.7158158414201 -522.2846731257321 0
357.9687417364941 -520.847751209114 0
366.4602428697353 -521.0334829891978 0
373.9051401737065 -521.8802028738788 0
384.3512714363283 -524.1889927738639 0
393.18382239573623 -523.8620828102356 0
402.4828246560793 -524.3363194142321 0
413.7378499913574 -524.4473200279787 0
421.4869079710604 -527.2321940179629 0
432.7942238096094 -527.079841994586 0
441.3173465195801 -527.8096244489265 0
452.29289041604414 -529.0058045797799 0
462.5969202721798 -529.3515744329986 0
473.7195409072012 -530.1988273871139 0
483.80317414924536 -531.8792049733802 0
494.388963097216 -531.6536026094996 0
506.31269883988233 -532.7968196165164 0
518.9225570752377 -531.7597011418754 0
529.8849258926232 -533.5971938754637 0
0.0 -0.0 0
542.13152568088 -534.0546871462898 0
0.0 -0.0 0
554.4514747525702 -534.3066180992895 0
725.6701810700582 -663.0925940664312 0
740.3579914341819 -664.751866879322 0
757.2742465715388 -665.2816813046248 0
778.3127264270602 -668.5097604984361 0
796.3360863340905 -668.916166348298 0
814.5779376279962 -668.863800433033 0
833.6157812215198 -672.4029515836729 0
855.2101377291309 -674.1933107984096 0
875.9188902350728 -675.279273878118 0
896.0690422730626 -675.2364559765981 0
920.4669133678119 -677.6353454440913 0
945.6024705738128 -680.4858320675763 0
968.895151963042 -683.9869768515432 0
992.7024604525363 -684.819556534041 0
1017.8274752284757 -685.2417315590366 0
1043.793317621283 -689.5625498017966 0
1071.4812620765401 -691.0520277221278 0
1105.249721948449 -695.7435246790849 0
1132.4309826357023 -695.5868526408026 0
1163.1712384249229 -696.9710683385869 0
1194.9394420397718 -698.2662313599869 0
1229.8693889023405 -703.7828402575494 0
1258.3711973810946 -702.1274311702045 0
1260.6553420352857 -681.3494761118532 0
1261.7605261787994 -664.4067839637097 0
1267.209849675842 -649.5807854951762 0
1288.138241834696 -645.8954016890184 0
1322.1260421060745 -644.8439569267334 0
1322.9209459408285 -627.0376151324765 0
1321.4546145067618 -608.9192900531118 0
1325.4352253423776 -592.8958284737718 0
1368.564949921321 -594.2171133911007 0
1414.7482881053081 -595.5772672820045 0
1462.8755239997918 -596.9884431731782 0
1517.604844047143 -600.2495625359896 0
1576.903747573652 -607.8441995184062 0
1631.1715426567916 -608.5724266072717 0
1702.6729317829352 -614.0072372323508 0
1771.6500705655146 -616.9538292815819 0
1855.5849341044707 -628.0808485573389 0
1935.5809600082061 -631.5238295216664 0
1940.4997173560637 -609.6038442636636 0
1947.0852220441764 -588.2305144220085 0
1946.6139722018358 -565.1752323205519 0
1944.9092432797688 -541.9308400570287 0
1943.0208222075282 -518.4506576984744 0
1945.6103425323852 -496.6531939200788 0
1946.09565383242 -474.0471560241294 0
1951.269294100608 -452.2799375388152 0
1950.1897394816872 -429.84762418832685 0
1956.7559101346083 -408.78760763173864 0
1953.2839329959131 -385.697909120619 0
1966.1910053834997 -366.18701553853924 0
1958.2181084806034 -342.82041890565273 0
1957.9217413511055 -320.62198106906834 0
1963.3058812514923 -299.376045540222 0
1966.478943219113 -277.7707073754181 0
1964.275284717266 -271.86688994598614 0
1960.2887074019786 -248.6849083323707 0
1959.8848576728087 -227.11306581708303 0
1964.2167446614333 -206.10089760028072 0
1972.33792294669 -185.05166226310115 0
1971.292056397976 -162.7624907103568 0
1967.9506647227524 -141.06445766838976 0
1969.3827541610542 -119.41761852013666 0
1970.559650682972 -98.10027064286334 0
1977.528022282455 -76.31461909517985 0
1976.248345847471 -54.51124228207585 0
1966.723903179527 -32.95585930128652 0
1976.9672087412594 -11.386639618168969 0
