2261.0 0.0 0
2259.6557910534443 39.44243854826074 0
2263.620223198252 79.0473600311647 0
2250.9109713368093 117.9652453715954 0
2236.538600682526 156.39401413432893 0
2232.472318423602 195.31601949750194 0
2231.707133206405 234.5618715726144 0
2241.169210406105 275.180977408823 0
2223.1518143248254 312.4436116553469 0
2227.2372080420355 352.7597186657206 0
2214.8326365244557 390.5347515729263 0
2217.495807408273 431.0375205556147 0
2210.613577658401 469.8804212481361 0
2205.9738266737727 509.28918703451035 0
2203.541594372788 549.4046249068455 0
2200.3790322864975 589.5897847435423 0
2196.4829752190585 629.831358041843 0
2188.981586399388 669.2388321103444 0
2191.2342135440335 711.9751550398788 0
2181.311353907624 751.0857323326605 0
2183.845650706451 794.8548130888541 0
2177.1095545914745 835.7140583396402 0
2171.464587395416 877.3286417800659 0
2176.9939784150215 924.0791188771325 0
2170.5840073588197 966.4062639481012 0
2156.1062253601904 1005.4088446811239 0
2153.510534932804 1050.3372677066295 0
2112.57646885062 1076.4114748824654 0
1971.621974853984 1048.3299997008942 0
1908.4202009781616 1057.8545913775074 0
1796.1366874489258 1036.9999999999998 0
1695.4769207887782 1018.7453121720871 0
1638.428921774215 1023.8040184985518 0
1548.185868427253 1005.40365863774 0
1542.8389225249325 1040.65799335906 0
1553.1122759719285 1087.5009233215833 0
1543.6044252673998 1121.4942613740388 0
1536.5747213309915 1157.8921045445409 0
2103.9887121299475 1643.8161391195076 0
2105.288409586934 1704.8289393540094 0
2083.6408852836203 1748.3822983473867 0
2086.7719893159647 1814.0032151587527 0
2084.5212354640908 1876.9113508365974 0
2064.6114996709184 1925.2813704564333 0
2065.943906572606 1995.05883995824 0
2065.4589078459053 2065.4589078459053 0
2045.7689010017468 2118.4557119973274 0
2013.9411572645581 2159.6874808814105 0
1947.8391951106364 2163.2945869646946 0
1869.7682326229458 2150.9223036349003 0
1790.8062805866987 2134.199818529473 0
1728.7431142139037 2134.819956122299 0
1661.054660428626 2126.053013230936 0
1599.6243315381446 2122.7731857057042 0
1535.2950789879399 2113.1523893073627 0
1470.0764063677314 2099.486689512686 0
1422.5867464295798 2109.071584580026 0
1353.9726410473572 2084.935031912324 0
1297.7722781071188 2076.8697874870873 0
1254.1177124059818 2087.2023772096436 0
1199.0000000000002 2076.7289182750837 0
1150.9380384648043 2076.3471847489254 0
1095.7466275422694 2060.7996817327353 0
1046.4481018996553 2053.770038254188 0
1003.8699261469874 2058.2383660250925 0
953.0041802252772 2043.7240597676457 0
912.3102904190199 2049.0824614923536 0
860.3899449333808 2026.9516873022737 0
822.2614725479267 2035.1685607740983 0
780.1670261601189 2032.4045884844081 0
734.317247720211 2017.5200568273451 0
695.739146074944 2020.5731960557398 0
656.3520960523883 2020.044040610906 0
613.103464803579 2005.3710732544853 0
574.1526121668093 2002.3081126395182 0
536.273061452423 2001.3983120709495 0
498.6010268309151 1999.7794918548286 0
460.2498571875476 1993.5611525505913 0
421.6449089784162 1983.6833342881578 0
386.76983362825655 1989.7583008484148 0
350.24837435419863 1986.3572378256235 0
310.6788475698986 1961.5490444219436 0
278.2070288191709 1979.5458694143992 0
241.7887773158126 1969.211564856383 0
205.60748724747435 1956.2245681893935 0
171.1738787564006 1956.5263870521883 0
136.65293206474132 1954.2279744589955 0
103.52052144854316 1975.2892197445472 0
68.0540185698771 1948.8121126872368 0
33.99728773982845 1947.7033101646502 0
1.18913204197208e-13 1942.0 0
-33.91002570764179 1942.7040716888682 0
-67.80972209295936 1941.816376898103 0
-101.53175511131106 1937.3412974238731 0
-135.32755906360313 1935.274257504059 0
-168.90782944496166 1930.625324901803 0
-202.5761618127126 1927.3834332237136 0
-235.45157145874472 1917.5991649710343 0
-270.1349889634869 1922.110321427388 0
-311.93032329022026 1969.4505511467048 0
-346.7754108008598 1966.6610827653794 0
-391.54005851266993 2014.2989804346064 0
-428.50599477540203 2015.9622051123736 0
-468.7979972526147 2030.5872150124303 0
-504.4071523253073 2023.0665892854527 0
-542.2258994897812 2023.6146060755982 0
-577.73589779243 2014.8045146867164 0
-615.4424384413607 2013.0215113021898 0
-651.716841136764 2005.778192866479 0
-687.925510367972 1997.8807502413565 0
-729.5289657136514 2004.3643601363426 0
-764.7572043296708 1992.2606301450285 0
-808.0264219981224 1999.9355743005606 0
-844.7606997938099 1990.131493164176 0
-881.3983055452592 1979.6530067115161 0
-923.420901903428 1980.2825146750804 0
-964.8548940827596 1978.2456959044664 0
-1003.3190044243981 1969.1244184562931 0
-1013.1196324919526 1905.4009053895643 0
-1049.6128278333197 1893.551665956792 0
-1063.4999999999995 1842.036033849501 0
-1100.636366082786 1831.766521600414 0
-1148.864964857588 1838.5682724671317 0
-1190.0362915078342 1832.4951909607514 0
-1227.428423118289 1819.7374717583166 0
-1273.9132651356736 1819.3366903658505 0
-1322.5168176580644 1820.2882373436319 0
-1358.8983222773252 1803.3189816867869 0
-1412.3274243970602 1807.6966687738202 0
-1462.5405887998218 1806.0872144260006 0
-1506.6941571052482 1795.6081746708844 0
-1562.0765480263976 1796.9635105104205 0
-1609.2591082930542 1787.2633052731333 0
-1663.3940001924336 1783.771678249157 0
-1661.6228221379217 1720.6608024100533 0
-1659.579615444827 1659.5796154448271 0
-1648.7268223761885 1592.1569850920214 0
-1659.4415489738979 1547.4542789818092 0
-1640.863774654086 1477.4403788403592 0
-1624.1350166394054 1411.8390303875717 0
-1627.844441627828 1365.9236705838964 0
-1616.4635998304996 1308.9864133836618 0
-1624.0901631834538 1268.878300646182 0
-1610.0491882553426 1213.259086674529 0
-1600.2356148736458 1162.639229034512 0
-1602.2613986292681 1121.9155095026458 0
-1594.239252023345 1075.3279533742464 0
-1595.9900908001418 1036.448083633597 0
-1585.0018917163602 990.41910485186 0
-1592.6168447045245 956.9407431828811 0
-1518.142532834121 876.4999999999999 0
-1500.847417451203 831.9333083427146 0
-1499.245012674458 797.1627136104424 0
-1486.1988823461975 757.2561535655642 0
-1503.6824394585065 733.3949285781263 0
-1530.7538523049018 713.8022440800414 0
-1404.1193683966774 625.1542204075052 0
-1396.405862687352 592.7391219182283 0
-1397.2660688321484 564.5321362777797 0
-1418.1086678492495 544.360915359311 0
-1435.8503245608679 522.606779001622 0
-1411.65923336978 486.0732546045348 0
-1405.661531084237 456.7271176861724 0
-1410.5495150454774 431.2482644660365 0
-1424.5898333805885 408.49456132079285 0
-1473.036885090829 394.6990437813445 0
-1491.3445312862066 371.8339535366893 0
-1489.8118290566244 343.95016209176987 0
-1433.9643826757592 304.79853873883513 0
-1432.1940606501416 278.3903242543791 0
-1433.8800883857748 252.83174668305048 0
-1431.1604055223545 226.6735398432947 0
-1410.1417298879962 198.18249576713302 0
-1439.191919879917 176.71054793746393 0
-1430.122485539577 150.31193017888606 0
-1420.5736394788291 124.28408915816058 0
-1400.5799265647931 97.93808913675224 0
-1403.0744963301763 73.53201852133604 0
-1415.1374110590396 49.417687330741614 0
-1415.78433634145 24.712607515193348 0
-1405.0 1.7206287528020314e-13 0
-1401.7864686092605 -24.46827382507166 0
-1408.1416752699058 -49.17339085382377 0
-1447.0141958593774 -75.83480059602522 0
-1454.4483852788237 -101.70493871893466 0
-1335.8970901410307 -116.8758510246093 0
-1311.7743799907525 -137.87304305003497 0
-1297.257820195208 -159.28323183052754 0
-1302.2025103951648 -183.01262776248615 0
-1308.6870512885575 -207.27566617830573 0
-1320.627196789371 -232.86220625135377 0
-1322.2518161040034 -257.01971677220575 0
-1328.324441796508 -282.3440761305174 0
-1435.2471054286516 -331.3529030485131 0
-1429.2456048045428 -356.3509522183102 0
-1417.9791129923524 -379.94635821050053 0
-1396.7132441983774 -400.5010780020995 0
-1363.6905820032885 -416.92205093462263 0
-1357.1576487531843 -440.9672509730498 0
-1362.4922674386155 -469.14371057276287 0
-1430.2121688361526 -520.5546581416677 0
-1439.5810176586851 -552.6033781988533 0
-1436.2077907239536 -580.2656132012477 0
-1439.6695907996168 -611.1034849572238 0
-1435.179913956526 -638.9832662720821 0
-1425.6221490086505 -664.7785257181199 0
-1421.892181245282 -693.5031542203205 0
-1428.2834582739538 -727.7467710824933 0
-1416.2479389457187 -753.032386708569 0
-1421.2570241015183 -787.8156329002975 0
-1416.8175605913416 -818.0000000000002 0
-1410.897376955677 -847.7526713019491 0
-1409.4559358119802 -880.7258171555864 0
-1403.0958601726945 -911.1811055801403 0
-1399.4154224729107 -943.9176210586204 0
-1402.3882998227539 -981.962859032991 0
-1396.3633322911594 -1014.5173454568085 0
-1393.618965032526 -1050.1672154003245 0
-1393.9910231302913 -1089.1051498510892 0
-1384.874103316322 -1121.4489368508107 0
-1384.2423087159932 -1161.5172107035764 0
-1373.5714360054453 -1194.0274327627228 0
-1372.5884926567471 -1235.884229944811 0
-1369.8254831327065 -1277.3829283970595 0
-1360.9909022407278 -1314.293636908423 0
-1294.7125163525689 -1294.7125163525684 0
-1260.80494238308 -1305.601737614652 0
-1203.0451071502475 -1290.1079296562166 0
-1150.235512330877 -1277.465954995641 0
-1118.5806444288148 -1286.7798342798262 0
-1072.1697329571477 -1277.7621311224552 0
-1024.533596629136 -1265.193625251948 0
-991.8306367496351 -1269.4853240604293 0
-947.256846441324 -1257.052292814439 0
-919.2961345854281 -1265.3025792024177 0
-881.0134062352072 -1258.2175400278911 0
-848.2956345651226 -1257.6499975659985 0
-812.6014402424203 -1251.2964873745727 0
-775.8018028374121 -1241.5424127730075 0
-747.8352847693991 -1244.6069206194668 0
-717.0000000000007 -1241.8804290268847 0
-687.4600415093056 -1240.2107447236635 0
-653.9738869607459 -1229.9459968524852 0
-627.8688611397934 -1232.2620229525126 0
-596.6231307799349 -1223.258697013166 0
-568.4215620412403 -1218.9839735642943 0
-542.9934185061932 -1219.5831859528723 0
-514.5928962203736 -1212.3048919968637 0
-491.48385056167695 -1216.465217191625 0
-464.0864946611644 -1208.9866523138762 0
-438.46982374350705 -1204.6859398475347 0
-415.750533241789 -1207.4272210403276 0
-390.2884638955588 -1201.184380080779 0
-367.51123283648053 -1202.0750782455355 0
-343.7197827037976 -1198.6933348350838 0
-321.4532540173306 -1199.6798762510227 0
-297.56393158759136 -1193.4637433194757 0
-274.89018840820336 -1190.6802191675574 0
-252.8206160343959 -1189.4274824923075 0
-230.87888440561898 -1187.7688919716734 0
-209.24605408865105 -1186.6933423797107 0
-187.72135804827724 -1185.2260087141651 0
-166.45102874823874 -1184.360610214918 0
-145.51199602574573 -1185.1001050597386 0
-124.49339975177516 -1184.4755773836137 0
-103.19239941322736 -1179.4945225406268 0
-82.31263901806818 -1177.1255793065925 0
-61.651756454188394 -1176.385591940888 0
-41.07670761884339 -1176.2830034014758 0
-20.436767938058974 -1170.8216510281343 0
-2.1474181623048837e-13 -1169.0 0
20.40186312518398 -1168.8219556378215 0
40.797511645224 -1168.2878767853229 0
61.02372497927264 -1164.402037523833 0
81.33604838565 -1163.1596826029552 0
101.44928455827379 -1159.570628578792 0
121.67113124354807 -1157.6234862086703 0
141.61217703678162 -1153.338628207216 0
162.27583571943634 -1154.652568152671 0
182.24615177186874 -1150.6569167933355 0
202.99471969264113 -1151.2402632712713 0
223.24652459055778 -1148.5038046337668 0
243.67250163841405 -1146.3889880600202 0
264.5424399083851 -1145.8591961874367 0
284.98399301640825 -1143.008365553124 0
305.40647322097396 -1139.7924750211007 0
326.07899193151025 -1137.1725862950311 0
346.46047009644303 -1133.221135816197 0
368.65727428931206 -1134.6104239401184 0
389.0539445763018 -1129.8946978411839 0
410.76619213412846 -1128.5708375638758 0
433.9835868993588 -1130.5658964881113 0
454.3977978135012 -1124.6740155895131 0
476.3012456284244 -1122.095416358525 0
500.2860709832337 -1123.6609129003994 0
521.5109349880233 -1118.383809203226 0
545.3337066056123 -1118.0997935961639 0
567.4881246744333 -1113.75815523546 0
591.5341691102219 -1112.5139670022481 0
616.1930273330947 -1111.6416477741718 0
638.0000000000001 -1105.0484152289437 0
666.9743070085201 -1110.0316544092354 0
686.7753664462333 -1099.0703326187283 0
714.566413939715 -1100.3357851443966 0
745.4041403265057 -1105.1070842158704 0
769.1660011467527 -1098.482891391538 0
792.922305342546 -1091.3639254118043 0
824.4865817183056 -1094.1306487647914 0
847.1501900481061 -1084.3027969628492 0
877.9019455145233 -1084.1186162324743 0
910.1872553161396 -1084.718931456473 0
936.1962343694536 -1076.970570977896 0
969.570248613985 -1076.8168521167447 0
1003.9015860119979 -1076.5526487834188 0
1031.5676801316108 -1068.219603502897 0
1067.0241328104999 -1067.0241328105005 0
1093.3964965147493 -1055.8807230976763 0
1133.5982375097146 -1057.0974580968723 0
1173.4256794288056 -1056.557227440637 0
1201.4976517146529 -1044.4459741528879 0
1244.05617562522 -1043.8870781309404 0
1293.170879864399 -1047.1891307069302 0
1327.7981198273267 -1037.389585923734 0
1373.6530772813437 -1035.121839821523 0
1422.2518761111573 -1033.3264735301682 0
1462.18639905585 -1023.833938886618 0
1517.1387577757266 -1023.3230133514662 0
1551.5405506990344 -1007.5822147777999 0
1610.4433346010528 -1006.3166827788563 0
1669.7619017677143 -1003.2941699247862 0
1719.9264519158946 -993.0000000000009 0
1736.99473837884 -962.8319058092251 0
1722.6307536677664 -915.9390189952729 0
1725.8796373528685 -879.3795979955025 0
1713.101452246212 -835.5354057799823 0
1707.4838707770487 -796.2128051194774 0
1709.2435512493064 -761.0042591948221 0
1701.0929691801095 -722.0711254481781 0
1703.2367408391883 -688.152312105031 0
1698.1827957984096 -651.871300222902 0
1699.9039510017083 -618.7144392761345 0
1687.7506574447805 -581.1391557060247 0
1682.4189773261267 -546.6510630492824 0
1683.0963704949422 -514.5742003120174 0
1674.5178743245515 -480.16027383321216 0
1678.7790860904008 -449.82750038818097 0
1665.9977620158859 -415.3798947446297 0
1655.4547400701144 -382.1918413302272 0
1660.8946260460018 -353.0340510085563 0
1880.797683485724 -365.59003514145957 0
1722.4287600183518 -303.71066273946127 0
1789.6912731583895 -283.4592506528988 0
1986.47774589559 -279.1812405258922 0
2103.2052953279617 -258.241138675507 0
2270.493487125768 -238.63848164005276 0
2269.3315222529964 -198.54078197916564 0
2264.4703940898007 -158.3471953991652 0
2260.897266684355 -118.48860493402606 0
2263.620223198252 -79.04736003116436 0
2263.65518183407 -39.51224817400998 0
