2265.0 0.0 0
2262.6553341389135 39.49479576757259 0
2258.6232690631564 78.87286254765219 0
2242.9219350587728 117.54655772165185 0
2241.526420933825 156.74279650304956 0
2240.441876008336 196.0132654394832 0
2237.674264578615 235.1890423522203 0
2231.2437488896917 273.96228397477154 0
2215.229669774893 311.3302268476664 0
2206.495752889538 349.47459489987574 0
2204.984558994334 388.798269796257 0
2205.716281206901 428.74781261109615 0
2206.7009872554654 469.0487744848651 0
2195.255755961135 506.8147254367278 0
2191.898045657476 546.5015621596494 0
2175.264960802982 582.8604895708767 0
2179.1802646921687 624.8698856371371 0
2176.5496245718687 665.4379999489489 0
2164.6046310877696 703.3226791973802 0
2160.5099452444388 743.9232329346031 0
2162.232720428375 786.9883497923637 0
2150.0357222230555 825.3213878028265 0
2144.5762556129794 866.4650505710044 0
2151.2198425183533 913.1386472794328 0
2135.869279968401 950.9502715112209 0
2137.0737618324206 996.5338611845693 0
2115.761184988239 1031.9256795414883 0
2118.813514519939 1079.5894083806422 0
2094.3516902613746 1113.586546928133 0
1976.6405381350344 1095.6697417567218 0
1906.1219137295495 1100.4999999999998 0
1794.051160369521 1077.9746907867434 0
1695.2481442166954 1059.3086092021765 0
1606.8928081834324 1043.528391088792 0
1554.445448540703 1048.4866940076504 0
1503.963153314589 1053.0863371405205 0
1504.7716095374024 1093.280569264 0
1496.6429458286268 1127.8013533869384 0
1495.644410345558 1168.5254801680994 0
2056.328214015145 1665.1817547178698 0
2031.5498631515297 1704.672740888702 0
2027.9046420585885 1762.830610897493 0
2017.6382011711253 1816.6895962643 0
2000.9837276300505 1865.9475131309957 0
1996.1679459397571 1927.6769780237173 0
1993.3340161648775 1993.3340161648773 0
1976.3030639558472 2046.5217319634623 0
1976.4312474611206 2119.463027292356 0
1958.545284812378 2175.184904172333 0
1910.443892420357 2197.714297608712 0
1830.659112387264 2181.6945740028495 0
1761.467774548495 2175.2315461180615 0
1678.9088432130702 2148.905325085531 0
1631.520527765203 2165.100867738211 0
1558.2187038273462 2144.7040520879855 0
1499.3288046216346 2141.2634437714246 0
1429.2970612712288 2119.0200354506865 0
1365.954699817688 2103.3857844071235 0
1317.3792908837474 2108.247567044875 0
1267.5087023536432 2109.4887270278987 0
1206.0000000000002 2088.853273928066 0
1151.907657705297 2078.096424163204 0
1099.0329284817706 2066.9803148827477 0
1059.1598358923627 2078.718220931462 0
1008.2536376148781 2067.226306488084 0
955.1172715339808 2048.255598702829 0
911.0900804897925 2046.341825119426 0
870.5489542741018 2050.884813492037 0
821.137652767679 2032.387009210398 0
780.5253941096643 2033.3381689109053 0
735.0012880068623 2019.3994420689169 0
692.4834645303724 2011.1180102997466 0
656.3520960523883 2020.044040610906 0
612.2263496894108 2002.5021589865962 0
572.2231506760903 1995.57928076795 0
530.5790424601676 1980.14794389259 0
494.4883546057207 1983.2844645081368 0
456.87559137238964 1978.9456015788128 0
419.9816154518741 1975.8581534822872 0
381.99960874384294 1965.2176212622232 0
345.5598735571915 1959.7674284942939 0
310.6788475698986 1961.5490444219436 0
274.4493550932491 1952.8086315583766 0
239.83886782133027 1953.3308264301218 0
204.35314568826252 1944.2903054449744 0
169.51791964419508 1937.598687788445 0
134.76950727364996 1927.2937451019804 0
100.90372363639597 1925.3577430068183 0
66.90233517869457 1915.8322153956067 0
33.386453514523524 1912.7086408341765 0
1.1707623399848698e-13 1912.0 0
-33.29919148233687 1907.7094023583945 0
-66.48354121826432 1903.8395254713773 0
-99.54298877407919 1899.3933751031993 0
-132.7465695350705 1898.3643876444455 0
-165.59591122055065 1892.7699263743166 0
-198.18596635547115 1885.613513618246 0
-231.18614443956454 1882.860049663588 0
-263.8721994202839 1877.5482583340174 0
-295.3482699959558 1864.7555870436202 0
-329.41059303416677 1868.1803074641587 0
-361.77385523392894 1861.165139816771 0
-405.21988540381295 1906.4096738301873 0
-452.1516192311687 1958.4838302183227 0
-486.7468539465316 1952.2350012673048 0
-523.8497472875022 1955.0338724090743 0
-562.5758432224951 1961.9351214101089 0
-597.6077644532737 1954.6869211884446 0
-633.7938554630169 1950.6169149213601 0
-670.0192618728283 1945.877228583394 0
-704.9035153942032 1936.7064914397572 0
-742.1800235083168 1933.4450632757048 0
-781.0547472721767 1933.1783367717517 0
-819.3631764420071 1930.2986776897671 0
-856.5873703176353 1923.9267337953174 0
-892.569768796357 1914.1220462214048 0
-928.0317177524771 1902.7469960153364 0
-971.9936599423695 1907.6449682872956 0
-1008.4249168640937 1896.571429460975 0
-1043.7951123903636 1883.0562294711192 0
-1082.4999999999995 1874.9449991933097 0
-1085.7002619103944 1806.908669880053 0
-1126.0784364955603 1802.1022043324053 0
-1133.9384709012863 1746.1121224623726 0
-1177.1010618059217 1745.1240902283628 0
-1219.423503682324 1741.5172461583963 0
-1253.1581578875525 1724.824232007388 0
-1296.9113748926643 1721.0595241519159 0
-1344.6046621112378 1721.015485877081 0
-1387.6514622648913 1713.606845012621 0
-1437.9158828687885 1713.6414192571538 0
-1474.1646381416697 1695.832426760569 0
-1524.948651891838 1693.6270572629815 0
-1576.0982101044337 1690.1584044419033 0
-1624.805928503595 1682.535792992105 0
-1682.2070324427964 1682.2070324427966 0
-1741.5216566198746 1681.7679148812322 0
-1740.6218098536258 1623.1560969487466 0
-1732.2705881878055 1559.7434434224988 0
-1714.700166266138 1490.5661138664325 0
-1708.2791081553207 1433.416369600983 0
-1714.3839909740777 1388.2807826559413 0
-1691.0710772400253 1321.209526048863 0
-1685.120926199788 1269.8296988508216 0
-1673.0471443673912 1215.5399017408347 0
-1658.7828896852086 1161.492283610868 0
-1651.442844529643 1113.9122637137277 0
-1656.3743716922122 1075.662094154679 0
-1648.605498928092 1030.1630496693504 0
-1645.7612173480554 988.8731038273044 0
-1632.457886133667 942.4999999999999 0
-1622.419556743579 899.3218455569554 0
-1629.0383088247204 866.1750333399683 0
-1588.6646326278599 809.465061035612 0
-1563.0028465142516 762.3274242662054 0
-1539.8169301752682 718.0284266974485 0
-1543.8918234159953 687.3849267981027 0
-1533.5610858517657 650.9580600631301 0
-1521.508705344098 614.729419795512 0
-1551.6106688383493 595.6075321442889 0
-1535.4577423641742 558.860914194143 0
-1445.6979020913554 497.79370816499244 0
-1429.4379439916158 464.4525425455461 0
-1449.7580100399618 443.2355043596687 0
-1481.3042734409494 424.7571653139958 0
-1449.8546652598914 388.48738669888405 0
-1442.8297449724068 359.7378587567059 0
-1437.195845558222 331.8028051572012 0
-1459.396220294838 310.20424270009687 0
-1497.9630819411352 291.17452694460763 0
-1503.8014388496417 265.1607672974025 0
-1490.4217059580628 236.05960774570855 0
-1453.7135249126252 204.3061122093759 0
-1435.2217352733517 176.22307056384335 0
-1460.9526642959934 153.55231254018332 0
-1435.5165599502054 125.59142529937546 0
-1424.521463771029 99.61224450661125 0
-1448.012825394132 75.88713655226852 0
-1441.1215725615361 50.32507424500665 0
-1437.7809856348906 25.096560456813584 0
-1426.0 1.7463463355841257e-13 0
-1409.7852501705117 -24.607893076569926 0
-1414.1380202320206 -49.38278783403877 0
-1419.0525688862494 -74.3693938212228 0
-1410.5555670673914 -98.63565387419314 0
-1397.661161422719 -122.2795070749641 0
-1399.2923067831605 -147.07154781758848 0
-1428.2739122118626 -175.369985160007 0
-1384.3947601007153 -194.5639951421716 0
-1363.0099100212901 -215.8795617555184 0
-1316.6879657773222 -232.16761354068603 0
-1305.564153985393 -253.7759638508045 0
-1314.6303753862346 -279.43331245906876 0
-1332.9382486262018 -307.73304234240726 0
-1327.3645535455632 -330.94915318034515 0
-1324.2843078423127 -354.84091083555603 0
-1407.2871228536987 -403.5330889160865 0
-1411.5058198014403 -431.54063617075946 0
-1409.4657571494176 -457.9631856636719 0
-1396.5309361601908 -480.8641641332205 0
-1363.4939927603532 -496.2712279655452 0
-1352.7580379944454 -519.2751588911403 0
-1361.105898504044 -549.9224791345588 0
-1405.6109112218764 -596.6464332031208 0
-1414.168368430746 -629.6283234813387 0
-1412.0275322031007 -658.4392517920095 0
-1407.5114765044955 -686.4892158716953 0
-1404.2262821208678 -715.4890275895256 0
-1405.6525678314115 -747.3987279551383 0
-1395.0184328873363 -773.2713442929074 0
-1389.1047476702395 -802.0000000000002 0
-1385.1823579346135 -832.3015290546475 0
-1383.166444831131 -864.298319964357 0
-1382.1290959740588 -897.5651297047647 0
-1376.2023704413696 -928.2602197614395 0
-1363.8881537411714 -955.0047665244919 0
-1361.5756015330367 -989.2425796082321 0
-1364.8680866708235 -1028.5018745668506 0
-1355.3784962035618 -1058.937737560132 0
-1354.5654108195001 -1096.905441599867 0
-1345.1740421169254 -1128.735042609563 0
-1335.081247414084 -1160.568422284207 0
-1333.2018169064452 -1200.4203078077917 0
-1331.7950906485096 -1241.9190136738096 0
-1319.9885336214247 -1274.69810979226 0
-1320.1683604752845 -1320.168360475284 0
-1309.43102831521 -1355.9555236383576 0
-1302.6168677193723 -1396.8855700926156 0
-1261.9803235928064 -1401.5711408503657 0
-1211.0849675164764 -1393.1938850912372 0
-1159.5888478745171 -1381.944175386636 0
-1110.7504902029639 -1371.662621971553 0
-1074.944935918599 -1375.866775797337 0
-1030.3073196363066 -1367.2639932009654 0
-986.8914385990626 -1358.3395335555365 0
-945.8275435428754 -1350.781721032547 0
-916.5171687885536 -1358.7925814177136 0
-875.7795683041634 -1348.582273256242 0
-835.6826796957643 -1337.3718476386837 0
-796.7639018858542 -1326.0378141861675 0
-767.0000000000007 -1328.4829694053285 0
-736.4258131541857 -1328.5473351447424 0
-704.676815741622 -1325.3043368812494 0
-671.9059396145294 -1318.6896557987843 0
-640.0218743120535 -1312.2393075967836 0
-612.3738612622731 -1313.2399834161058 0
-580.8199263122425 -1304.5429135136342 0
-551.7123534268546 -1299.7528530748457 0
-523.3254110020295 -1295.2758448298018 0
-494.547770372515 -1288.3409885661383 0
-467.1995157828632 -1283.6201199935508 0
-442.77269006173304 -1285.905262815071 0
-416.2458914230544 -1281.0731274495718 0
-390.0238541001313 -1275.7105444546892 0
-363.56567232262154 -1267.9041769426428 0
-340.0882252647121 -1269.2265357438357 0
-315.4661518619668 -1265.2656270638995 0
-291.3116153753055 -1261.8092338968795 0
-267.58234608245687 -1258.8759621444078 0
-243.47227810047093 -1252.5562860792193 0
-220.70683381466844 -1251.6906540785164 0
-197.73316381085203 -1248.438062512254 0
-175.49728031064302 -1248.72803468312 0
-152.33667925643397 -1240.6826895516526 0
-130.03340830496077 -1237.185237838132 0
-108.07312100709623 -1235.2814256337645 0
-86.14924507399509 -1231.991602070883 0
-64.42556213506444 -1229.3129572828805 0
-42.786782957265935 -1225.2531539254114 0
-21.379197885672284 -1224.8134265665792 0
-2.235592731843493e-13 -1217.0 0
21.18722141486172 -1213.815101919859 0
42.26329050672905 -1210.262291520125 0
63.37884301020512 -1209.3403665877888 0
84.47508970413564 -1208.0500648646473 0
105.37129298191839 -1204.3993899929203 0
126.16585516405715 -1200.387927709506 0
147.2181668334184 -1198.995751182717 0
167.981932858799 -1195.2535589710753 0
188.6599648385182 -1191.152138757736 0
209.0724059109837 -1185.7085346266986 0
230.1156484241134 -1183.8423832378826 0
251.36523419867115 -1182.580449287171 0
271.9658247017327 -1178.0134083253495 0
292.7254936755976 -1174.0578287939559 0
314.2063207544596 -1172.633953114929 0
334.89938731765426 -1167.9329605650573 0
358.15533828535246 -1171.4733260547184 0
378.2368011149354 -1164.093175945268 0
398.49542105555935 -1157.314736533564 0
421.02679643389854 -1156.7616161874532 0
444.37625743617247 -1157.6397288565302 0
464.51217583573083 -1149.7079796628163 0
488.0231794831026 -1149.7105619620982 0
510.0477504170529 -1145.5860038838218 0
531.2311550080594 -1139.228888305069 0
555.4162429817611 -1138.7720566610446 0
580.1998586671406 -1138.7063379127344 0
602.8014866170832 -1133.7047092308624 0
627.8284582190067 -1132.6325207455172 0
650.0000000000001 -1125.8330249197702 0
676.2449923569011 -1125.4606658218736 0
698.4335902593638 -1117.7273907341696 0
726.0038336750305 -1117.9478670712506 0
749.318490650801 -1110.9103472237557 0
776.6224948193163 -1109.131867967295 0
805.2657956406879 -1108.3532822936781 0
828.69928688037 -1099.7210973351225 0
857.0007736533166 -1096.9109690205566 0
882.936508642922 -1090.33578392413 0
911.4728305355127 -1086.251020342711 0
944.0689427173396 -1086.0270859405693 0
973.585032252138 -1081.275721069609 0
1004.5835843720604 -1077.284002485038 0
1031.5676801316108 -1068.219603502897 0
1062.7814921233808 -1062.7814921233812 0
1095.5545159157653 -1057.9646982090533 0
1136.5236523161911 -1059.8254515371223 0
1168.2236656504638 -1051.873313196125 0
1199.2335229739845 -1042.4777970659163 0
1237.927820080268 -1038.7447772534479 0
1277.6279606352596 -1034.6027228859334 0
1318.341990784046 -1030.0016482198262 0
1793.3754724909836 -252.0424858386793 0
1921.5693495775995 -235.93904883236502 0
2071.5891080521133 -217.73278898652205 0
2111.9327599545004 -184.77017462503562 0
2279.433854843698 -159.39354250532708 0
2282.8671164489556 -119.63999597137082 0
2273.614131468443 -79.39635499818937 0
2271.653963395321 -39.65186742550825 0
