1899.0 0.0 0
1893.711534626205 33.05485779221497 0
1865.8626740446518 65.15736034356931 0
1859.4481937130165 97.44955052436141 0
1840.5056727293756 128.7006940579112 0
1831.0058550926283 160.19225517019572 0
1827.9312436868863 192.12331548594707 0
1904.6960649996968 233.867269994478 0
1963.701580314534 275.98025920380974 0
2129.456062323117 337.2727066267378 0
2215.817444277468 390.70839975059323 0
2389.280564511614 464.42909474651003 0
2376.898669783148 505.2254086871552 0
2363.8217771689806 545.7312578382165 0
2334.5315174200473 582.0640808128005 0
2318.221983093764 621.1657082460498 0
2295.4929299007053 658.222005690994 0
2291.3061952874327 700.5226045156772 0
2263.5145087824653 735.4604466123748 0
2247.497654199576 773.8755031446615 0
2231.7699743665326 812.2978403984632 0
2219.1206737838484 851.8406160691787 0
2203.9160223052536 890.4398725496228 0
2181.5965026822837 926.0327745195789 0
2175.1517346470328 968.4399471634803 0
2150.6683786379704 1002.8731351106798 0
2135.534654006821 1041.569844770848 0
2119.7045210441274 1080.0433988803818 0
2099.6493758185284 1116.4033763048483 0
2087.7172409417376 1157.2405635280065 0
2062.872511814533 1190.9999999999998 0
2053.772852482261 1234.0312274844898 0
2027.6829979100144 1267.0369607815928 0
2008.6160102292906 1304.41048886099 0
1997.1515122850954 1347.0957044610293 0
1991.358619666539 1394.3643167693929 0
1965.9112963311222 1428.3181630707097 0
1951.0665510455365 1470.2341015604538 0
1930.6263463364687 1508.3706145478627 0
1907.8933353768637 1544.9815600273507 0
1891.3637300607568 1587.0426083160655 0
1874.6985972733657 1629.6506280124202 0
1839.2834430565508 1656.098250738174 0
1636.0382305220844 1525.630331459809 0
1552.3352891308093 1499.072763450516 0
1590.2831508885454 1590.2831508885452 0
1421.2710259591083 1471.7692314928802 0
1358.540733244497 1456.8565736253875 0
1289.4146784535199 1432.0400786949388 0
1274.7226933285556 1466.400714372846 0
1258.578139766244 1499.9150196269588 0
1252.9768985802264 1547.2976092608292 0
1227.013320324037 1570.505431938197 0
1634.5296028809635 2169.0940452884474 0
1607.592665019914 2212.6614796154813 0
1589.380305128749 2269.870314724796 0
1570.213672945857 2327.937503734557 0
1538.0606348824365 2368.4056838778774 0
1515.569095706966 2425.4175550073783 0
1493.095379164247 2484.9280047354237 0
1463.0000000000002 2533.9903314732674 0
1443.2782394733456 2603.742868153981 0
1414.5178186738892 2660.3210972839465 0
1344.7198602285375 2639.1613246459456 0
1281.3588620644734 2627.1749973324654 0
1203.1941911757713 2580.2582696933423 0
1141.7097571137713 2564.322099602781 0
1070.2125609321206 2521.262793606234 0
1015.9330813439533 2514.5226135851276 0
947.1664906482289 2467.4530672321043 0
881.7279294935743 2422.527576386072 0
831.8266346380356 2415.7999606562544 0
771.6154349542438 2374.7881211889985 0
723.6199691887736 2366.8542710085126 0
670.6256867027589 2338.74970621793 0
622.7186225166649 2324.0175380514984 0
572.3872049888137 2295.7196883690076 0
526.385467164644 2280.0259515974503 0
479.4443590257533 2255.6083672921554 0
436.5709814215348 2245.962995728255 0
389.4928625069249 2208.9237900063827 0
347.4409468543529 2193.655804461801 0
305.62412970830377 2174.6286789564883 0
264.21273650235975 2151.8400567583863 0
225.15430987852554 2142.2001626232604 0
184.94448611053056 2113.925149350684 0
146.0002995464541 2087.901557193812 0
108.75411707283756 2075.1521732200044 0
71.78826471704473 2055.74693117828 0
35.707623570682244 2045.6883842899765 0
1.239954884136695e-13 2025.0 0
-35.18405137756349 2015.6929534352848 0
-69.69429491489441 1995.7834815571343 0
-103.41584953605702 1973.291960675038 0
-137.62952269715927 1968.193871162633 0
-169.95369835793355 1942.5796612789038 0
-203.30786105558616 1934.3450864912916 0
-235.08596342852925 1914.6215265161104 0
-268.325738651006 1909.2368365337477 0
-298.6333937618006 1885.497042196118 0
-330.27883392250146 1873.1043462292196 0
-362.5370912154351 1865.0916485505616 0
-392.3293605731119 1845.7645225846913 0
-423.357884275154 1833.7644619258128 0
-452.39394477137876 1814.4530081361133 0
-482.9563381613039 1802.4175918554015 0
-514.6149433103373 1794.6755863168414 0
-542.934255670122 1775.857931823357 0
-574.1535755486522 1767.0630072763954 0
-605.2311991358542 1757.71903203913 0
-631.3691845791844 1734.672577970787 0
-660.8304989615337 1721.5223064608401 0
-690.7745582589419 1709.727027821156 0
-720.1174698057316 1696.4904449128474 0
-745.9550034010177 1675.44236931653 0
-798.7485146899218 1712.9217174992687 0
-830.7133231653019 1703.2147177369213 0
-886.6434459913347 1740.1357417398824 0
-921.103206185918 1732.3431771892144 0
-956.5293807460229 1725.624682186028 0
-985.9999999999995 1707.8020962629132 0
-1019.2603502469974 1696.3340880894802 0
-1050.829900974445 1681.679374678193 0
-1085.465596784949 1671.47044191523 0
-1115.030649520669 1653.1009196747532 0
-1146.5792962657413 1637.4849365336943 0
-1177.921645594116 1621.2700567273946 0
-1208.444566489313 1603.6601041749639 0
-1246.714487534458 1595.721776053612 0
-1280.037675395369 1580.714885603479 0
-1313.8578741992865 1565.794841735191 0
-1346.8891865175112 1549.4187681973513 0
-1375.7325266738126 1527.9057611815226 0
-1408.3266135290592 1510.2453938435872 0
-1446.2787272956325 1497.6654643050715 0
-1432.5983386839453 1432.5983386839455 0
-1462.4178140884778 1412.2404671431411 0
-1470.7522939561518 1371.4987020856847 0
-1489.2622302566976 1340.9377351431522 0
-1522.2492233093312 1323.2710614738533 0
-1560.432530633358 1309.358360931481 0
-1593.9263669482473 1290.7361220432165 0
-1631.1822599659142 1274.4192539241128 0
-1661.9604964084167 1252.3770631794123 0
-1704.598807148014 1238.463526580241 0
-1746.4321584241306 1222.8649623004299 0
-1773.3113676952341 1196.1136205239277 0
-1827.4631675530788 1186.7684572977446 0
-1855.52923439026 1159.4633501422522 0
-1912.3402478664123 1149.0499451243313 0
-1946.8251077074183 1123.9999999999998 0
-1995.0075519849618 1105.850743781895 0
-2013.1205117183536 1070.3951631518307 0
-2002.0916598512624 1020.1166529147617 0
-1965.6625792562784 958.717698027712 0
-1954.905896638054 911.5875905746888 0
-1920.2725519647468 854.9604237453325 0
-1910.9680757672663 811.1578227437324 0
-1879.4016732068778 759.3275648540541 0
-1845.6885031849679 708.4934362510585 0
-1843.676921981952 671.0435212049623 0
-1815.3956651506883 625.0908565577406 0
-1804.1542114119063 586.2052383292754 0
-1778.7268460912462 543.81137078429 0
-1770.6440439183834 507.7240094149126 0
-1752.1894488883697 469.4977478159731 0
-1735.8590543077578 432.79827122780557 0
-1709.0450936333025 394.5641493191396 0
-1698.0642348738866 360.9346952596302 0
-1683.4906196127438 327.23742707077463 0
-1611.1454839279722 284.0884186630979 0
-1606.968930148289 254.51887462045582 0
-1575.5164973678384 221.42440362746393 0
-1572.1931041998541 193.0410399537537 0
-1551.4541567745064 163.06440269753983 0
-1550.0789502307562 135.61433571535616 0
-1529.2656890483106 106.93667424974443 0
-1484.9621181800512 77.82356693325744 0
-1480.0978148152808 51.686154616404195 0
-1414.7844886462935 24.695155108756065 0
-1418.0 1.736549161190947e-13 0
-1454.7783964525493 -25.393251366247693 0
-1462.108779928937 -51.05796367575881 0
-1402.0758667954217 -73.47968256509276 0
-1397.5872344140137 -97.7288197155195 0
-1381.7220462532512 -120.88501519100157 0
-1412.2210914229481 -148.43041784006797 0
-1410.4080814823187 -173.17633697871432 0
-1386.3752962381984 -194.84234134409172 0
-1377.8252351302172 -218.22607873112187 0
-1334.414505331542 -235.29328073869078 0
-1325.1966976543463 -257.5921437583354 0
-1348.865541411918 -286.7102216376904 0
-1311.5021072009267 -302.7841191468423 0
-1304.0774561149392 -325.14302768595314 0
-1305.9317171428204 -349.9233489786081 0
-1297.7032895167306 -372.11043035294864 0
-1301.5307728656912 -397.91789012764474 0
-1284.8773535147525 -417.48195940055376 0
-1247.1390012154989 -429.42439572898974 0
-1242.2736446789709 -452.150629476534 0
-1237.9276455352895 -475.1959010970684 0
-1234.081710428394 -498.6013758365789 0
-1223.3509502382933 -519.2816697622445 0
-1206.7935495458757 -537.2991055031321 0
-1196.326278888378 -557.8561054977231 0
-1213.3719625038752 -591.8010481652545 0
-1171.6735793077037 -596.997507157504 0
-1166.3737701666423 -620.1719344401619 0
-1120.3878448455662 -621.0411235355576 0
-1094.6561103835304 -632.0000000000001 0
-1114.317490912746 -669.5494973830704 0
-1114.3351983495438 -696.3139132024311 0
-1089.4330677611058 -707.4861064845202 0
-1082.7230697568846 -730.3059319327951 0
-1123.8766047644967 -786.9468706736353 0
-1118.8705032205526 -812.9070039204902 0
-1113.2979010059262 -838.9301422739554 0
-1096.1229582669503 -856.3851121779905 0
-1074.7928646949906 -870.3501008219254 0
-1051.0129759592378 -881.9046004899319 0
-1049.8010260898761 -912.5781093257954 0
-1050.8067832250354 -946.1506773914256 0
-1069.2391117672273 -997.0816024113726 0
-1053.1134676957852 -1016.9798543519721 0
-1044.3967158125308 -1044.3967158125306 0
-1035.0409719839058 -1071.8163025045903 0
-1020.9515450135603 -1094.8364913238981 0
-1012.3946074209523 -1124.3781209472977 0
-995.2415469785996 -1144.894433197945 0
-985.393405649465 -1174.3461313013931 0
-970.41204299885 -1198.3590725666486 0
-959.2005785573753 -1227.7207541192731 0
-947.858661464476 -1257.8509283244862 0
-929.8762691266927 -1279.8648851011667 0
-919.4430274707273 -1313.1007269952536 0
-900.300574587902 -1334.7504918136174 0
-891.5741003195992 -1372.9037197266591 0
-875.9565437774879 -1401.823502946572 0
-858.0534328001507 -1428.0407229697187 0
-844.5000000000008 -1462.7169069919164 0
-827.570021760497 -1492.975840086949 0
-813.5942183079487 -1530.1481784245204 0
-799.9312605410817 -1569.953495619904 0
-779.8622701377693 -1598.9546083662178 0
-767.4747633211097 -1645.8549412585564 0
-742.2943736133352 -1667.220460197747 0
-727.1506301185386 -1713.0595322749914 0
-698.6412967206765 -1729.1978887670584 0
-653.3047720210832 -1701.9171175043987 0
-610.5059558363183 -1677.3513281028465 0
-574.6277926168815 -1668.8402859327941 0
-531.8182473192848 -1636.7682645439593 0
-499.6632433711577 -1634.3248279408274 0
-461.6925709934731 -1610.1133406966844 0
-429.38079582508175 -1602.4709458135644 0
-392.39731466266113 -1573.8196680196663 0
-359.4717848414967 -1557.0433635268057 0
-328.2925598012427 -1544.495061558679 0
-297.85284178278613 -1532.3200333618036 0
-267.9391381400735 -1519.558362897837 0
-237.31108346603048 -1498.3232126828239 0
-210.1513824496994 -1495.304783799771 0
-181.0978443000487 -1474.9235813390046 0
-154.28401178305637 -1467.9143175635716 0
-127.07307292608573 -1452.451869817765 0
-100.86786103400559 -1442.4776166757058 0
-74.63107360243858 -1424.0457165600224 0
-49.27808934393107 -1411.1398477509633 0
-24.485726231508746 -1402.786316304417 0
-2.546040695427347e-13 -1386.0 0
24.119225696325287 -1381.7895147061326 0
47.56801400550925 -1362.1696972270274 0
70.96755666543199 -1354.141649127202 0
94.3107525020573 -1348.7065959512825 0
116.5272280536186 -1331.9123113486637 0
139.33644153578143 -1325.6976865259085 0
161.35501066841553 -1314.1311047731103 0
183.29097396440622 -1304.1830465326482 0
204.77271473766194 -1292.8840378390353 0
225.3953346116751 -1278.280463409846 0
247.28845800800246 -1272.1888297481723 0
267.58234608245635 -1258.8759621444078 0
289.0621048318664 -1252.0655332490273 0
309.66002636757435 -1241.9785296332757 0
329.9942825057134 -1231.5554285185622 0
349.50816717595524 -1218.8798304497882 0
369.5578347695392 -1208.7692115372768 0
390.5974808899333 -1202.1354365970742 0
409.8903064615598 -1190.40788667954 0
430.6033604470173 -1183.0730095694585 0
449.0350407802614 -1169.7762744009938 0
469.00745495672174 -1160.8341859176178 0
488.41391061159186 -1150.6310668155506 0
508.8275404878255 -1142.845367510894 0
527.4275906523931 -1131.0721182217392 0
547.9639334863467 -1123.4925578739587 0
567.0341341746938 -1112.8671487112717 0
586.8394534823631 -1103.6844910736588 0
605.5272156876753 -1092.400014217105 0
626.0000000000001 -1084.2638055381171 0
646.372784012118 -1075.744962381151 0
664.5187573484386 -1063.4523125801584 0
686.2451841189336 -1056.7249156112346 0
706.8198299870243 -1047.9034917095726 0
723.2798862386691 -1032.9507278484186 0
745.3116999068557 -1025.8335488674336 0
767.9159695420132 -1019.0589108203459 0
784.352719564889 -1003.9257000949635 0
805.5301005437921 -994.7468306649226 0
826.6248660568895 -985.1331538510059 0
846.9722064267446 -974.330068067599 0
865.1858740220031 -960.8862593422712 0
890.0078598815606 -954.4165806130173 0
912.7810987831224 -945.2124976449877 0
931.2596308226829 -931.2596308226833 0
951.6865558480351 -919.0330241172538 0
975.6258379599736 -909.7858123233726 0
1002.5023695690048 -902.6571879780996 0
1020.3673524611876 -886.991807195166 0
1044.1185759711668 -876.1195120027535 0
1071.6842808491624 -867.8328192577263 0
1090.6068829917033 -852.075481850711 0
1119.6869850863045 -843.7446624591716 0
1145.5680640349253 -832.3039172461423 0
1166.472511067524 -816.7728453638902 0
1187.18180389882 -800.764237770109 0
1216.072323520865 -789.7266007717891 0
1245.7826532537897 -778.4513991585782 0
1273.7506088433386 -765.3465793163409 0
1297.3060548690887 -749.0000000000007 0
1330.296574559021 -737.3954323946784 0
1357.9733978170295 -722.0472635647001 0
1390.8611842580422 -708.6791700934328 0
1412.005446735991 -688.6810716056413 0
1449.1861514716034 -675.7666005233781 0
1469.894641346945 -654.4392587089625 0
1513.3099790758117 -642.3619752363662 0
1549.3242209811017 -625.9676175979895 0
1574.0165990742817 -604.2083629333771 0
1619.0903856141201 -589.300706950127 0
1661.2761373279998 -572.0232473812243 0
1692.8805990053734 -550.0502499874068 0
1734.7368273169461 -530.3622723670452 0
1765.8377354386919 -506.34582263582706 0
1820.7701825548938 -487.8739000182515 0
1852.2945414608773 -461.82889869976594 0
1900.0216263312086 -438.6545559705374 0
1972.9237106800858 -419.35788037942166 0
1999.5745726828916 -388.6779235820215 0
2073.020320090698 -365.52941398888845 0
2106.739230489429 -333.67471393081297 0
2034.0106131951852 -285.86154937197534 0
2010.8985032253186 -246.90728973882827 0
1998.9890096902293 -210.10221116798337 0
1970.4731128254728 -172.39405915486816 0
1967.1963071123732 -137.55976622341575 0
1945.33033370191 -101.95044276125563 0
1925.8261236657975 -67.25133014571908 0
1912.7086408341765 -33.38645351452345 0
