1923.0 0.0 0
1903.710011577769 33.22938185658781 0
1898.842571336282 66.30904373475184 0
1879.420784408108 98.4962696492203 0
1861.454517784832 130.16558000653782 0
1853.9183331487384 162.19683725339183 0
1867.7121195016173 196.3044540166532 0
1989.0624878892093 244.22616418391553 0
2063.7186552574326 290.03674240077635 0
2255.8801699192945 357.2963181518873 0
2345.8120676750796 413.6299592026281 0
2416.7661256481488 469.7717466170533 0
2403.3086550029607 510.8390243392347 0
2392.0785090477525 552.2548384141886 0
2377.224529376191 592.7086442191859 0
2365.552348581928 633.8478414560733 0
2348.362323177313 673.3820602609289 0
2336.2525188176955 714.2640746376459 0
2324.382125825355 755.2375342523715 0
2304.228768735535 793.4095924120909 0
2290.030916855259 833.5030892846546 0
2277.002660226675 874.0594289409873 0
2260.474237433828 913.2908747479935 0
2240.50881330324 951.0395667428924 0
2222.6560984444477 989.590252603422 0
2213.2036159434992 1032.033795170788 0
2197.5514432014634 1071.8174538992942 0
2176.7289385921827 1109.0987908637128 0
2157.9239169472175 1147.388499448717 0
2145.4421416129376 1189.2379984642648 0
2126.9583916945817 1227.9999999999998 0
2106.917225125792 1265.9635881289132 0
2087.0463646409644 1304.1313092779174 0
2079.9030085046516 1350.7048068372671 0
2070.106818669939 1396.304679966455 0
2051.1567188996355 1436.2353966230194 0
2036.2957748417427 1479.455480020155 0
2010.165578789036 1514.7684132737054 0
1998.3952711466468 1561.3175014258695 0
1973.1735961392492 1597.8444728755371 0
1976.3946632469633 1658.3920329912712 0
1774.322223103737 1542.3947771566825 0
1782.8044363202687 1605.244324654901 0
1652.8593656593252 1541.3162937412465 0
1581.1088811443553 1526.8590982688759 0
1455.225755681915 1455.2257556819147 0
1392.7900327702896 1442.2762996789954 0
1367.4067119253095 1466.3641717464368 0
1345.6216493876639 1494.4642440350399 0
1333.7680059377012 1534.3245765928955 0
0.0 0.0 0
1758.321172593246 2171.3458163107766 0
1735.5496989430308 2221.4023144173493 0
1713.3673709138818 2273.7152971046426 0
1686.3558888271054 2321.0697568617243 0
1674.2696177087037 2391.104817279567 0
1649.0598723352323 2444.831801464818 0
1632.8278269750513 2514.3343627003815 0
1604.5955320981445 2567.8896351616577 0
1572.4112427003954 2616.931769043549 0
1557.0000000000005 2696.803107384742 0
1488.8503437765012 2685.9571206250844 0
1402.311558041456 2637.3644598696146 0
1317.0264397444253 2584.809926670455 0
1258.1251912846524 2579.5389128786096 0
1180.3728050417735 2531.317649193363 0
1119.339241744602 2514.0770994324375 0
1055.7555091780175 2487.2041140284937 0
996.4535384863258 2466.3090531476546 0
936.7738201114151 2440.3792348636853 0
873.8614661970838 2400.914646107996 0
820.7573173864922 2383.6523290858777 0
765.1260780723699 2354.8159343468 0
716.0183048659824 2341.9903473534737 0
662.356566028249 2309.9118553397802 0
619.3539749303321 2311.4605023097406 0
566.0972357032224 2270.491999485832 0
524.1359566212053 2270.282250949598 0
475.90986028185137 2238.979858079681 0
428.74781261109644 2205.716281206901 0
387.9300289079225 2200.0605202292727 0
343.06078183322643 2166.0005309251374 0
303.8148793958229 2161.755194062848 0
262.750304381498 2139.9295029386903 0
222.22751290703124 2114.353549552949 0
184.59586313953994 2109.940370558317 0
146.0002995464541 2087.901557193812 0
108.59710920410873 2072.156284615741 0
71.75336522034222 2054.747540351261 0
35.39348025481114 2027.6911257771615 0
1.238117913937974e-13 2022.0 0
-34.9571700938788 2002.6949333982518 0
-69.5895964247869 1992.785309076077 0
-103.88687314224353 1982.279626487829 0
-137.55976622341515 1967.1963071123732 0
-170.6509442999148 1950.5492188636379 0
-203.41238951885381 1935.3396083866598 0
-236.54839554939105 1926.532080335806 0
-268.325738651006 1909.2368365337477 0
-300.9799107374041 1900.312367305045 0
-331.84166752150384 1881.9676160063295 0
-363.3003271969413 1869.0181572843521 0
-394.61638917210723 1856.5241461927633 0
-425.8323458729365 1844.4825326384503 0
-456.99046078777246 1832.8886269353573 0
-485.02689052212406 1810.144998465714 0
-516.2687674452392 1800.4431564924712 0
-545.8579727173493 1785.4209793829873 0
-576.3166945092768 1773.7204028904616 0
-607.1846080625971 1763.3921434927258 0
-636.1574665857438 1747.8282746617897 0
-666.5643861542585 1736.4595932847953 0
-716.2478066112238 1772.7755299316975 0
-768.1773986099122 1809.7125418874975 0
-802.491396788554 1802.4251879288515 0
-835.5163034613626 1791.770494971457 0
-869.7283552295298 1783.2073878575472 0
-907.0730184796143 1780.231035328359 0
-936.5957677578524 1761.480447753559 0
-969.619240492674 1749.2394142787916 0
-999.9999999999995 1732.0508075688774 0
-1033.681416344479 1720.3347725091394 0
-1069.3770752226073 1711.3610580436678 0
-1105.617241080505 1702.5012529292105 0
-1136.2799798525573 1684.6043474318449 0
-1170.0959301561343 1671.070170349543 0
-1202.6086261903997 1655.2487704911425 0
-1234.9244275080032 1638.8000666170446 0
-1273.1879309734613 1629.6062384587012 0
-1302.6932094731633 1608.69214021593 0
-1337.6410157576884 1594.1384861305933 0
-1368.539134474198 1574.3241843447026 0
-1359.6733921211999 1510.070285370065 0
-1395.3686446878717 1496.349673512823 0
-1401.8205915862568 1451.6277170833978 0
-1417.041989497841 1417.0419894978413 0
-1451.627717083398 1401.8205915862563 0
-1486.8420753917735 1386.5026660070596 0
-1520.474312926748 1369.0412206102242 0
-1563.0035406413608 1358.6982490393407 0
-1596.43661945995 1339.5693785867484 0
-1633.5608109825528 1322.831461986758 0
-1678.4629051823176 1311.3589424436525 0
-1709.8786270112541 1288.485964568535 0
-1757.9939287767606 1277.2573532315444 0
-1800.4961933472043 1260.7210070995989 0
-1845.4376365075227 1244.7634031258826 0
-1888.6861190130946 1226.5271068538416 0
-1929.309418755869 1205.5663261305413 0
-1976.6277954190707 1187.6778007425853 0
-1971.939844417167 1138.4999999999998 0
-1946.0288483851555 1078.7014050481002 0
-1905.4009053895645 1013.1196324919521 0
-1901.407922617977 968.815726444193 0
-1868.5928222559683 911.3736141744916 0
-1866.9940412954988 870.5936191858409 0
-1836.2263698616275 817.5406525823589 0
-1809.7125418874978 768.1773986099122 0
-1800.591045568701 727.4860044137016 0
-1774.7363907711806 681.2574720856157 0
-1768.5015123190794 643.6819097389089 0
-1745.427290556339 600.998813127911 0
-1740.433424820131 565.5010997061539 0
-1716.5670369536488 524.8072099773123 0
-1713.9296038580226 491.4614054217096 0
-1691.3361218321584 453.1921479745143 0
-1677.6413107311978 418.2829574918255 0
-1670.070291041893 385.56610714538493 0
-1594.3805891961033 338.8960560329477 0
-1592.199291552111 309.49219050075595 0
-1573.7227893135084 277.4897879117546 0
-1565.4860198432932 247.9486270887661 0
-1552.7403317867822 218.22342230538243 0
-1543.4092658022557 189.50682899500444 0
-1524.602065599563 160.24213418931316 0
-1480.3453213643338 129.51343372302009 0
-1488.3655629876578 104.07665882623529 0
-1440.0237891160955 75.46844890232497 0
-1445.1191358696124 50.46467223181665 0
-1479.7745888314591 25.82956152717949 0
-1433.0 1.7549188631781572e-13 0
-1427.7825086833268 -24.922036392441033 0
-1419.134974367116 -49.557285317551276 0
-1429.0388642337953 -74.89275338365223 0
-1427.5141559218084 -99.82151392784327 0
-1408.6193031017283 -123.23822024518833 0
-1397.303262992424 -146.86249089105317 0
-1391.5497046011335 -170.86081945401654 0
-1361.6185945196592 -191.3630138200901 0
-1371.8991050866464 -217.2874719408805 0
-1366.9131611809448 -241.02367060169948 0
-1323.233443287451 -257.2105257675823 0
-1343.9748034082488 -285.67066318360156 0
-1354.374390051477 -312.6819655379723 0
-1340.948693713427 -334.3360597187405 0
-1333.9435661052034 -357.4291012865812 0
-1293.8582427329773 -371.00788092968065 0
-1284.3172872583566 -392.6551994426355 0
-1292.4858056451137 -419.95409535555336 0
-1281.1776699370741 -441.1448492894474 0
-1273.2835011649058 -463.437294206281 0
-1266.8686387567027 -486.3053075329727 0
-1247.062284392329 -503.84586814440166 0
-1250.9660958418665 -531.0036036169228 0
-1221.4102768681573 -543.8068917923449 0
-1215.3587424161476 -566.7310889942777 0
-1195.3960815778921 -583.033625229473 0
-1170.7825727835154 -596.5435166577644 0
-1193.7451455452692 -634.7255528865245 0
-1193.8559002452753 -661.76513163625 0
-1162.2060918787165 -671.0000000000001 0
-1178.6050384654045 -708.1773530013245 0
-1175.3946612728066 -734.4681002272218 0
-1184.2028419389387 -769.0303174412182 0
-1171.430090020274 -790.1395726041651 0
-1145.9937099602996 -802.4334344551136 0
-1139.9049450743012 -828.1894204800944 0
-1126.8747046767303 -849.1609976675403 0
-1145.7676357441737 -895.171785123507 0
-1135.4102496886344 -919.4370913238128 0
-1135.2778647023254 -952.6112375554512 0
-1124.5172745319305 -977.5279531958555 0
-1118.4329623434783 -1007.0415625700816 0
-1108.0008579530434 -1033.2275154946851 0
-1094.835176115427 -1057.270039838594 0
-1087.5302294649102 -1087.53022946491 0
-1077.4151325819048 -1115.696030325248 0
-1063.2354433374353 -1140.1804208242868 0
-1054.5498356215603 -1171.1962449523735 0
-1037.8853838629825 -1193.9505559124252 0
-1031.0313259372092 -1228.7352867628406 0
-1016.3524315454881 -1255.0907277530075 0
-1004.1438662561483 -1285.2455391325639 0
-994.1984182471838 -1319.3458625981277 0
-979.2502303192605 -1347.8223126286623 0
-967.6234481242152 -1381.9094987155288 0
-959.0158294523304 -1421.7994369318967 0
-937.8684182958765 -1444.1907180020203 0
-929.4783894650416 -1487.476360658371 0
-907.497087991516 -1510.3287838371216 0
-899.0000000000008 -1557.11367600442 0
-886.7167954305501 -1599.6794443579552 0
-867.1139764655402 -1630.804204010438 0
-852.5941585108691 -1673.3102524257547 0
-835.0970346331931 -1712.2026581999128 0
-785.2247303142191 -1683.9198683140958 0
-745.9550034010174 -1675.4423693165302 0
-698.6272577388216 -1645.8626779729632 0
-654.4377186975988 -1619.7901939281774 0
-620.3349206629156 -1616.027718266656 0
-581.4342436536365 -1597.4774553360444 0
-545.9777950246516 -1585.6346512800544 0
-508.33295574678874 -1564.4879693055275 0
-471.59555971777496 -1542.519571368376 0
-440.19285723974724 -1535.1349284134953 0
-406.3459008109574 -1516.5035472738373 0
-377.39815713548177 -1513.6613329905545 0
-344.4000642004577 -1491.760569186195 0
-314.9862115889061 -1481.8936151117155 0
-284.496212106428 -1463.6061305204669 0
-257.86754383539153 -1462.4395132231289 0
-228.70718788881777 -1444.0003539500913 0
-202.07934259401557 -1437.86923581276 0
-174.88250778638618 -1424.3037276052971 0
-147.9077755237295 -1407.248481946107 0
-122.62813004595516 -1401.645940215086 0
-96.8219855568463 -1384.618901760636 0
-72.32829152774903 -1380.106017030821 0
-47.77741098572354 -1368.166042189142 0
-23.66546312895642 -1355.7934746320666 0
-2.4835837086708323e-13 -1352.0 0
23.298962593772977 -1334.7966730337823 0
46.521029104434206 -1332.1879724164546 0
69.1881341531719 -1320.1882449455466 0
91.45073707854816 -1307.8064698906296 0
113.91255577118886 -1302.0264704059114 0
135.99153071121654 -1293.8729858741237 0
157.45519167945082 -1282.369627920588 0
178.83743473368412 -1272.494468332918 0
200.70541864661595 -1267.2041409835617 0
221.2277783476688 -1254.6450773375532 0
241.75499714208266 -1243.7216414281902 0
262.80037719364793 -1236.3785673275302 0
283.4383284732698 -1227.7062816293965 0
304.33774466438166 -1220.6320236552037 0
324.0414444683554 -1209.3391345139137 0
343.7197827037982 -1198.6933348350835 0
364.29514408452997 -1191.5557259299421 0
384.7261579968093 -1184.0653627874663 0
405.3323522991596 -1177.1706266211497 0
425.8150784404579 -1169.917312878456 0
445.80972923435365 -1161.374050562519 0
465.26138902256264 -1151.56234737195 0
485.67879271216697 -1144.1875328413835 0
505.5736473432191 -1135.537003849753 0
526.159735867171 -1128.3531948606292 0
545.3337066056123 -1118.0997935961639 0
565.2181721757356 -1109.303122614518 0
585.9005103567912 -1101.918595887941 0
604.5575964471826 -1090.6507748028264 0
625.0000000000001 -1082.5317547305483 0
645.8577459372079 -1074.8877950804488 0
664.5187573484386 -1063.4523125801584 0
685.7005450839185 -1055.8862450432891 0
707.9382157939657 -1049.5615668546827 0
729.5892270385306 -1041.9614003355975 0
747.6628409160255 -1029.0696168449333 0
772.1286747040775 -1024.649359390677 0
792.3563187441225 -1014.169839891851 0
815.5992268005893 -1007.1811660482341 0
834.9811049828145 -995.0917316115526 0
858.1252099195832 -987.1601309313861 0
880.5758779682568 -977.9785903282512 0
900.2378352824982 -965.3868861373048 0
924.5902910809253 -957.4412742507448 0
948.23019357116 -948.2301935711605 0
966.7926916551468 -933.6208498968928 0
995.3723879036913 -928.1997680450601 0
1014.3926867766431 -913.3632776798413 0
1044.5180590283162 -907.9856961228622 0
1071.69617592345 -899.2598659514689 0
1091.1129298855867 -883.5658290339724 0
1122.9153238895788 -877.3176023390629 0
1142.0487793676286 -860.595483107429 0
1174.6926758324234 -853.4641863286713 0
1201.6960489719506 -841.4366321269852 0
1226.1465698089069 -827.0463042332342 0
1255.4898402142999 -815.3246354174954 0
1284.7928656769852 -802.8276853133056 0
1314.0374719763379 -789.5533688371136 0
1353.5977061150772 -781.5000000000007 0
1375.7767993302696 -762.605532647488 0
1410.9502533885652 -750.2155573318535 0
1435.4115104674604 -731.3786950804101 0
1479.4150002084286 -721.558907614822 0
1507.1898498419491 -702.8141692747828 0
1543.8918234159958 -687.3849267981022 0
1586.950367352007 -673.6204655155082 0
1620.7173777827443 -654.8123252910148 0
1669.2418025769964 -640.7618937869978 0
1722.4565739005702 -626.9229227159506 0
1749.209364858736 -602.3010857457399 0
1802.2520983793158 -585.5872043405258 0
1858.1001408361776 -568.0782222762783 0
1896.5693260863031 -543.8325030269389 0
1956.9657240616525 -524.3673853777069 0
2000.7497875811048 -498.84294872651515 0
2068.587647539054 -477.5710883720261 0
2100.0828987754808 -446.38640018573045 0
2090.8659007435244 -406.4231601520401 0
2071.0507045846734 -365.1821176335546 0
2064.2686318438377 -326.948031934083 0
2035.9911493326683 -286.13989557389544 0
2027.771787803221 -248.97906857671578 0
2009.9287505392804 -211.25202426392755 0
1992.389396183491 -174.31148549531665 0
1981.1622038160108 -138.5363568558335 0
1956.3152585842101 -102.52613827992802 0
1949.8115035142557 -68.08891806657911 0
1937.7048332130862 -33.82276367545554 0
