2303.0 0.0 0
2289.651221908136 39.96601074137924 0
2300.5976837979583 80.33864140915723 0
2285.8630050532197 119.79700384009844 0
2292.402187497076 160.30037666399994 0
2285.2706374224645 199.93527386312783 0
2272.4825309165044 238.84753856658818 0
2263.9977718938553 277.9839723071414 0
2260.7820009370053 317.7321894918294 0
2252.917104897509 356.82701475676663 0
2248.316100126871 396.43878961360195 0
2255.779267562732 438.47907137529995 0
2235.067267676746 475.07821351858007 0
2238.128038811685 516.7125718278579 0
2232.650466161068 556.6622817748355 0
2224.5271779437244 596.0602608711052 0
2218.59199422564 636.171017225634 0
2214.80181481039 677.1328681378584 0
2204.549004772166 716.301392961128 0
2208.7313926000043 760.5272088119181 0
2199.8204252598116 800.6691555253905 0
2192.9804218419267 841.8063134819104 0
2193.716999905019 886.3192000220479 0
2185.2785220960936 927.5956990335359 0
2168.7569164435345 965.5927906619497 0
2166.0756110175935 1010.0576455602717 0
2166.9924456272915 1056.9128349084656 0
2161.5818276809805 1101.3809523681405 0
2157.9239169472175 1147.388499448717 0
2143.692902198659 1188.2683792237722 0
2103.5757057924015 1214.4999999999998 0
2076.059202300516 1247.4222174321512 0
1943.7262363905284 1214.5749536225057 0
1891.2021307169312 1228.161023958886 0
1777.4565555580093 1198.9095850412814 0
1714.4852286968598 1200.4954812827393 0
1622.0790737217696 1178.5094308464086 0
1565.325599692694 1179.5574453780146 0
1538.985001793928 1202.3868613110105 0
1529.4232521473186 1238.50252958608 0
1518.3000862618144 1274.005042398721 0
1509.419160445544 1312.1180579810145 0
1857.8620636934857 1672.8265158971456 0
1883.9671353709832 1756.827775520996 0
1888.986315689298 1824.1728808253267 0
1920.5020177026631 1920.502017702663 0
1909.6158603917834 1977.4651111309518 0
1938.9213376576831 2079.2385737033014 0
1931.7800605580237 2145.4591111532372 0
1969.489205029503 2265.6381598287617 0
1964.3589352020642 2341.031818171597 0
1899.2889401884095 2345.426511677138 0
1815.5856907353664 2323.843712386223 0
1749.4762723030046 2321.63342770748 0
1668.7223312583312 2296.7992470304757 0
1612.3233625827907 2302.636396496356 0
1536.1029058341414 2277.3662118086995 0
1484.1413704159488 2285.3772976512805 0
1421.2434666734555 2274.4649938915345 0
1362.2757081370933 2267.207510357087 0
1306.0000000000002 2262.0583546849534 0
1240.1430085901304 2237.2772108625745 0
1192.9272410389488 2243.569833454533 0
1129.074372852253 2215.9332256564708 0
1085.845330596545 2226.312852683037 0
1029.9207038620846 2208.6720770083157 0
983.0824663142091 2208.0393711221664 0
930.3308169329607 2191.7220560702604 0
887.8176263957114 2197.425735323286 0
838.2226339864576 2183.6446175769547 0
794.170772802203 2181.966265464879 0
746.8533463247176 2169.0196124248328 0
706.4128491411299 2174.115196250721 0
659.2981941497715 2156.4672246966447 0
618.2545890975291 2156.109983989649 0
576.6488324884162 2152.082740972044 0
531.5024046324698 2131.7397106283643 0
492.64280901306415 2133.870441879665 0
452.62375091026234 2129.4273267974945 0
414.246328962479 2131.1126152648785 0
373.8645265169012 2120.291092235284 0
334.6133207210539 2112.665360533 0
295.88201264109915 2105.3099141445787 0
258.60674670572297 2106.1829337828854 0
220.24147210494584 2095.457633540952 0
182.50412531359615 2086.031697804115 0
146.07005602019825 2088.899121244072 0
108.64944516035168 2073.154914150495 0
72.45135515439225 2074.735356891643 0
36.10902891873977 2068.6848812785734 0
1.266897113717937e-13 2069.0 0
-36.03921929299038 2064.685490497948 0
-71.75336522034196 2054.747540351261 0
-107.34104625427781 2048.189175781631 0
-143.00077117545692 2045.0063030326396 0
-178.32064966170876 2038.2143522957115 0
-213.86523584561917 2034.7917979234871 0
-249.46654595033667 2031.7419724097863 0
-285.02651076621385 2028.069004782736 0
-320.3777844023927 2022.7857215388422 0
-364.66117310055364 2068.096281325637 0
-400.6988902907441 2061.4170852400944 0
-450.96045738372004 2121.6021459916246 0
-488.14378792618714 2114.3830405839603 0
-532.2281703192691 2134.6505978071923 0
-569.6607182706484 2126.0027436622395 0
-609.7098310672019 2126.3108714155615 0
-649.9422995986436 2125.865472505828 0
-688.4898634673826 2118.953918305602 0
-730.9005067563166 2122.6892022204665 0
-769.5453224827546 2114.308396768294 0
-813.1368775182863 2118.2939877221506 0
-852.9792132080318 2111.197636848575 0
-897.5094021398619 2114.3996483802553 0
-938.3414355758712 2107.5493707814803 0
-979.2065124532004 2099.9151425639184 0
-1002.1164415598312 2054.6431898398955 0
-1054.1659403952274 2068.91714916539 0
-1054.9026015798968 1983.9832411540087 0
-1095.6697417567216 1976.6405381350346 0
-1113.9999999999995 1929.5045996317294 0
-1148.534907049421 1911.4830805657105 0
-1190.728586732011 1905.5640720634894 0
-1227.616384923871 1890.3634601489855 0
-1279.4333631410684 1896.8379660059354 0
-1318.078650734704 1882.4113977761028 0
-1364.24957057083 1877.728443944253 0
-1418.478009569378 1882.383897181469 0
-1458.5020350464845 1866.7974752943244 0
-1515.4035016480082 1871.3674751883862 0
-1554.2604402220522 1852.2954634616888 0
-1612.5930932586666 1855.0761481875738 0
-1661.451295589045 1845.2286016603698 0
-1704.3139017961835 1827.6529003463072 0
-1685.2412067335276 1745.1183556215676 0
-1697.056274847714 1697.0562748477141 0
-1674.62305518838 1617.1646864285453 0
-1671.1432081998046 1558.3662527428094 0
-1657.956105640066 1492.830382786613 0
-1665.644043551658 1447.9222769820497 0
-1637.8030193883747 1374.2799095098214 0
-1645.2180004044073 1332.2712678525058 0
-1629.606238458701 1273.1879309734616 0
-1640.3973376371398 1236.128057554307 0
-1614.797920772395 1173.2193635757767 0
-1614.548679293603 1130.5191560479116 0
-1437.551150810442 969.6404946182752 0
-1424.9012949392752 925.3417204905314 0
-1403.519599138885 877.0163823059542 0
-1410.0402096549747 847.2376332270394 0
-1427.209865436755 823.9999999999999 0
-1450.1194744371182 803.814350368427 0
-1329.7190748455441 707.0241735555514 0
-1319.5806623229728 672.3599301142689 0
-1313.138101643083 640.4602454588419 0
-1326.8346002216556 618.7131351883841 0
-1342.911822734623 597.9028653214266 0
-1350.38062001473 573.2025654937646 0
-1332.3631990124734 538.3096747386659 0
-1330.3521077585124 510.6743281020528 0
-1322.147517445773 481.2223416592161 0
-1337.9087844730334 460.6789385568766 0
-1382.8361746931532 449.3107098211737 0
-1424.894086384923 435.63384003687753 0
-1387.100627238994 397.7447044439299 0
-1374.512450809344 368.29950118088743 0
-1387.5228885746749 345.94831070752485 0
-1385.5542321246044 319.88039927697633 0
-1397.7729214486083 297.10580617857806 0
-1330.1048335715848 258.54618873521844 0
-1327.5208510604564 234.07774349502202 0
-1326.4654414192698 210.0914865490302 0
-1323.9884079074795 186.07443598360734 0
-1318.1012893796756 161.84248804203594 0
-1327.6867303166448 139.54549846231774 0
-1382.7182409513428 120.97217093374957 0
-1389.606722011935 97.17076792556685 0
-1353.1430195924474 70.91522070918886 0
-1311.2007650490536 45.7881396736815 0
-1311.8001760451853 22.897557245715873 0
-1306.0 1.5993887196864433e-13 0
-1287.803831361432 -22.478699491221324 0
-1276.2220861033852 -44.56665728909365 0
-1277.2471749510999 -66.93768803472481 0
-1276.881984332575 -89.28828639248036 0
-1281.1063817459847 -112.08228517348812 0
-1285.9168107111773 -135.15530300507598 0
-1288.324904830436 -158.18640773988122 0
-1295.2706339139738 -182.0384160557657 0
-1385.7267418549784 -219.47755445144372 0
-1384.6397007351645 -244.14933779970423 0
-1360.5352762584623 -264.461267591891 0
-1354.7344270163208 -287.9576917825969 0
-1344.6306894036247 -310.43245499453366 0
-1334.1566236294952 -332.6426064495428 0
-1331.0457886263362 -356.65264415127365 0
-1329.424925482695 -381.2064630949096 0
-1401.94277224181 -428.6169191235321 0
-1401.8573050190564 -455.4910497086723 0
-1397.4764547357902 -481.18973228767766 0
-1398.2626197294317 -508.925973268595 0
-1390.1012550543335 -533.6098768729523 0
-1389.8485979956145 -561.5352835304521 0
-1382.5982898855655 -586.8781549908889 0
-1383.1078228708977 -615.7992776167615 0
-1374.868912934598 -641.1119030606408 0
-1374.2560967914262 -670.2694834404995 0
-1372.1500472500866 -699.1453695989019 0
-1364.154030967042 -725.3335645042014 0
-1367.905221966015 -758.2422460652709 0
-1359.6598839415685 -785.0000000000002 0
-1353.4671678086354 -813.2451202829756 0
-1347.548424792561 -842.0417108665624 0
-1346.904932120351 -874.6902902341335 0
-1340.5537548215027 -904.2149249121974 0
-1337.6752883239235 -936.6503205612584 0
-1335.6870577130385 -970.4334515348729 0
-1329.7281242287427 -1002.0220135481605 0
-1326.2220983201132 -1036.1582629730826 0
-1318.8166965924795 -1067.9567036115745 0
-1316.0643532784043 -1104.3091134414744 0
-1307.9117025260641 -1136.9502972405487 0
-1306.448603189259 -1176.3316059788729 0
-1300.3468814788853 -1212.593084191122 0
-1292.653621208556 -1248.3010917148183 0
-1262.892711199174 -1262.8927111991738 0
-1207.3162478577372 -1250.2125729885759 0
-1164.8531989867477 -1249.1521223655432 0
-1115.4407208002165 -1238.8224240708164 0
-1061.5035089066407 -1221.120100800445 0
-1028.460175498463 -1225.6711089903647 0
-993.6968974676939 -1227.1134731405566 0
-951.1969793781417 -1217.4766143223858 0
-915.9624652374175 -1215.5232462919796 0
-877.5633816726626 -1207.8623726017963 0
-837.9951735088788 -1196.7811367062168 0
-807.4745526117581 -1197.1302547694804 0
-779.9230981415186 -1200.9762532978473 0
-746.1263240403526 -1194.0517193882476 0
-709.207429151145 -1180.3193730668083 0
-684.0000000000006 -1184.7227523771116 0
-651.5841296110767 -1175.4888863953481 0
-625.3361216308065 -1176.0861936880908 0
-594.7275546588064 -1167.2185466867618 0
-569.444119679012 -1167.5334661426177 0
-539.2609019811322 -1156.4487362587654 0
-516.5555367062661 -1160.2027312061032 0
-487.63244835461376 -1148.7900571086454 0
-464.13756924231535 -1148.7807958082494 0
-438.28400229390274 -1141.7688616060775 0
-415.89649428401293 -1142.6662268756647 0
-390.3562171941308 -1133.6767721435808 0
-369.2753082780623 -1136.5125369727084 0
-344.99861157282976 -1128.4396120363817 0
-322.4957063058887 -1124.6761842478331 0
-301.265368499334 -1124.3376618004754 0
-279.66171131321596 -1121.661859575052 0
-258.46876144110115 -1119.5512044382351 0
-236.81141584142838 -1114.1101172358046 0
-216.9498277431312 -1116.1101075799938 0
-195.52784805296355 -1108.8935298917463 0
-175.5194697751392 -1108.1863181477445 0
-155.73469997431366 -1108.1099689218172 0
-135.51870986652366 -1103.7113206251502 0
-115.92206576382758 -1102.9247819634152 0
-96.56856296440534 -1103.783725485654 0
-76.87163406602639 -1099.3155833863264 0
-57.62188782348168 -1099.4911177647857 0
-38.24984838594084 -1095.332346412929 0
-19.092932642388146 -1093.833378501092 0
-2.0059714570033645e-13 -1092.0 0
19.02312301663861 -1089.8339877204664 0
37.86595392221389 -1084.339047315719 0
56.575168698622406 -1079.5185270696943 0
75.54626106488762 -1080.3618664313897 0
94.30251365296583 -1077.8826633352687 0
112.89074032906522 -1074.0836469977353 0
131.74076022096466 -1072.942389924269 0
150.3069490368707 -1069.489514240896 0
169.2620911735296 -1068.6787845239392 0
187.54003188028437 -1063.5923732531849 0
206.4553329974218 -1062.1206124903722 0
224.9604494648157 -1058.3557039939776 0
244.07189396309343 -1057.1915202919802 0
262.72717862123886 -1053.7411587357324 0
281.59512107154205 -1050.9272990025065 0
300.99599255216333 -1049.697771964644 0
320.1470166713967 -1047.1537077795238 0
339.918693812442 -1046.1621679246691 0
359.4272425207006 -1043.852507461646 0
378.27427851818993 -1039.3000385892146 0
398.505159894374 -1038.1414342648884 0
418.0609582521578 -1034.7371816965347 0
438.40032616496484 -1032.8064455736383 0
457.98546010335053 -1028.6521853055688 0
478.82649055221265 -1026.8467227125243 0
498.8663650459701 -1022.827624688452 0
520.72710320126 -1021.9844832440581 0
541.3007118921316 -1018.038574566343 0
563.8335883464903 -1017.1827194031171 0
588.0000000000001 -1018.4458748504998 0
607.2298903189538 -1010.6002475277904 0
632.7236014944464 -1012.5694268107728 0
651.9329249129869 -1003.8886698306728 0
677.7417990065454 -1004.7935379367104 0
699.1896759119252 -998.546341988281 0
724.7392160766191 -997.5179540643103 0
751.6669639169079 -997.495752049069 0
773.8864744843528 -990.5295172836493 0
803.0128189795927 -991.6382468190948 0
825.982078447203 -984.3671094078869 0
854.1888557456402 -982.6318734500494 0
878.5684861491803 -975.7491558518191 0
908.4218156032481 -974.1631305567349 0
941.2620919719412 -974.7054294588723 0
964.4936495384505 -964.493649538451 0
1000.6016622710633 -966.2697933084656 0
1020.9697674603623 -952.0697106472476 0
1056.7519418288546 -951.5037222422962 0
1085.272376360346 -943.4128836883497 0
1123.7871980555403 -942.9694234101536 0
1154.8388987250582 -935.170101100059 0
1193.8362917141837 -932.7271351183722 0
1235.489134043162 -931.0078408162186 0
1268.5386471799175 -921.6472755945982 0
1312.2815749509646 -918.8694510343764 0
1346.357017829388 -908.1292752364924 0
1396.386495629131 -906.8239933000199 0
1428.9610420235776 -892.9139602329504 0
1488.0424340188665 -894.1060980438546 0
1546.721371159007 -893.0000000000008 0
1583.0616699223065 -877.5054126458698 0
1647.5802082747575 -876.0339361584722 0
1687.5663568127686 -859.8580065067019 0
1758.9399486074694 -857.8923342662252 0
1802.6461884158969 -840.5877226022508 0
1787.8084606065702 -795.9836104993409 0
1785.779415697734 -758.0183892691913 0
1776.4842653499645 -717.746232984888 0
1766.3341669327053 -678.032160539709 0
1770.3808975606514 -644.3659500255596 0
1762.4466249171267 -606.8590399081401 0
1766.1119507601002 -573.8445585542777 0
1755.7755319481328 -536.7944498709454 0
1756.2251184793085 -503.5894490776571 0
1743.4961164517683 -467.16837641004986 0
1746.5323072967938 -435.45941207940217 0
1730.4812350585776 -399.51307251470485 0
1734.2556961010373 -368.6274278198882 0
1729.6270972347838 -336.2054498534717 0
1730.3072220424494 -305.0998481607967 0
1716.6023359543492 -271.8831002399217 0
1688.4070572043772 -237.29013713691234 0
1714.1272038845632 -210.46835606068925 0
1687.7036564399598 -177.38480216520784 0
1705.4853231330683 -149.21063158399105 0
1850.481313231974 -129.39825879535306 0
2097.122022984605 -109.90550811018318 0
2230.640325906622 -77.89567663998184 0
2305.6487850306385 -40.24524924437589 0
