2013.0 0.0 0
2144.673306110459 37.43541180797313 0
2391.542249056696 83.51449560908482 0
2393.7149948067135 125.44928711433637 0
2392.1585925230584 167.2760240384125 0
2384.890107231639 208.65084813789366 0
2365.9675890811222 248.6732141137476 0
2372.1853024227594 291.2677307383025 0
2351.8866632612294 330.5361147801554 0
2347.7351855946426 371.84472340062877 0
2340.8880289100184 412.7617183142934 0
2327.438051954411 452.4081280377877 0
2323.1005517427884 493.7902656921784 0
2320.9494943184304 535.8334114470864 0
2316.0958986208034 577.4675647964069 0
2309.5286506571624 618.836336840127 0
2299.3379766844587 659.324555114262 0
2280.7868429718396 697.3065157637272 0
2277.780356526893 740.095701527999 0
2265.4625071359633 780.0612980793475 0
2263.7195234732535 823.926525271536 0
2248.995247431759 863.3083904546284 0
2241.0033764879254 905.4241362862593 0
2244.1908327170495 952.6024912568495 0
2229.050916647946 992.4374091049525 0
2219.5477704527557 1034.992123002973 0
2211.0333538959508 1078.3930211011304 0
2193.6580625517618 1117.724610358764 0
2195.0077158472923 1167.1063050857244 0
2190.047746677047 1213.963289096828 0
2171.9917126913724 1253.9999999999998 0
2166.0617688742377 1301.501215297707 0
2157.4343566219477 1348.1146082092732 0
2143.641971668504 1392.0973734984093 0
1921.7090931825865 1296.2091502451913 0
1911.0817193262178 1338.1538260069904 0
1814.625118383007 1318.4023208920173 0
1767.380383734659 1331.8166462354827 0
1704.4672600513395 1331.675771129399 0
1608.6921402159298 1302.6932094731635 0
1561.9646195195962 1310.6439361508535 0
1543.3810915555687 1341.6407142855874 0
1536.8234990872513 1383.762093950119 0
1517.5589308597787 1415.1465971296843 0
0.0 0.0 0
2016.6685399440337 2016.6685399440335 0
2013.814615960633 2085.3660811817495 0
1997.573196623058 2142.1349920425505 0
2002.7079048320627 2224.232462653841 0
1989.8270349282086 2289.0341568156673 0
1960.5022095439451 2336.4355515128827 0
1961.5916589023434 2422.3639618613784 0
1946.7215849797315 2491.690002904455 0
1893.3100628363443 2512.5073146087834 0
1809.2030065562324 2490.1543086860884 0
1747.6874015616377 2495.956278948558 0
1666.3948523428255 2470.5319662140246 0
1587.622787068804 2444.724705560911 0
1531.4666736339623 2450.858997892071 0
1455.497599695813 2422.3547917841693 0
1400.5000000000002 2425.7371560002125 0
1331.2872171964418 2401.7057158047805 0
1272.7374067125502 2393.670924240551 0
1225.3203587970368 2404.8266087844045 0
1154.66960064243 2367.423517952006 0
1097.9622440023372 2354.5876307212166 0
1043.6862261325034 2344.157644310914 0
994.0199908767123 2341.7643471830083 0
935.3926637595322 2315.178084853268 0
890.5443546200714 2319.9473598455465 0
837.9493511478886 2302.2469209254755 0
795.0374331843768 2308.9563616135315 0
743.1858714717487 2287.2909216898443 0
694.6751704212226 2272.180100168172 0
652.15798386302 2274.3451725900627 0
605.1189274496935 2258.334581863842 0
560.0491883132306 2246.234606328932 0
519.636935534328 2250.7948496538934 0
475.2861252093981 2236.0454152774796 0
432.18237452787423 2223.385570508959 0
391.22934428359423 2218.7718675365045 0
350.1003327600368 2210.4465062519184 0
310.6343613428661 2210.278329431185 0
269.331248925376 2193.5269951273217 0
229.02186301942874 2178.9974727518866 0
190.69676513187602 2179.673999424739 0
151.9993562884489 2173.692065516157 0
112.88865761603013 2154.0439064656157 0
75.45271187080733 2160.682968015285 0
37.48776902728517 2147.6728491959284 0
1.3066981346902258e-13 2134.0 0
-37.29579255647479 2136.674524549208 0
-74.26612898292203 2126.703679896636 0
-111.16157106001272 2121.089131818715 0
-147.8837243375457 2114.8357865508274 0
-184.77017462503545 2111.9327599545004 0
-220.65958595801666 2099.435721122425 0
-257.0224452414558 2093.279833811548 0
-292.95937752093755 2084.5142847010056 0
-329.2945489096859 2079.083956952765 0
-366.05035852188905 2075.9747433497346 0
-411.7658120225837 2118.3514618800587 0
-449.08925216636015 2112.7988175850205 0
-500.2911448607558 2166.999024082363 0
-537.7923739180615 2156.96739951154 0
-577.1664705786214 2154.0145926246223 0
-619.0815011649798 2158.993769077464 0
-658.4210790356029 2153.598310428756 0
-696.2152883267563 2142.730331212981 0
-738.0630061543741 2143.4906108836512 0
-777.411785779245 2135.9213270463697 0
-817.0789249632846 2128.56337241362 0
-860.4713450763501 2129.741313939911 0
-897.1186710113726 2113.479143526803 0
-938.748172218947 2108.462916239123 0
-977.5160394062375 2096.2899114157717 0
-1021.4047720185506 2094.190127877059 0
-1063.2457503900184 2086.7372796491577 0
-1103.7276441096296 2075.8097908113373 0
-1105.3659341616483 1994.1329322778226 0
-1158.9999999999995 2007.446885972329 0
-1159.865744697442 1930.340761181157 0
-1194.4380215816436 1911.5004087365844 0
-1244.500195009337 1916.3622477552938 0
-1280.5517489480098 1898.4960411510456 0
-1325.5351444072676 1893.0603743518598 0
-1368.9518525891697 1884.2005798992527 0
-1423.2925297545944 1888.7729812618472 0
-1459.7333579971357 1868.3734968015378 0
-1512.886220083809 1868.2588913425584 0
-1564.5450419770368 1864.5521745515925 0
-1606.688561997752 1848.2837619655688 0
-1660.7821649826863 1844.4854568348926 0
-1698.8579149156835 1821.802070733354 0
-1736.6459261474934 1798.3495008466277 0
-1713.3197308150045 1713.3197308150047 0
-1722.8188218110697 1663.7067972492982 0
-1700.3973562645713 1585.646187145309 0
-1693.627057262981 1524.9486518918382 0
-1672.436429773663 1453.826808242964 0
-1655.4220415801112 1389.0640245326117 0
-1653.7666059804342 1339.1937921540539 0
-1631.970270719521 1275.0349153994387 0
-1615.6396368256735 1217.4717918365934 0
-1623.6971077105193 1179.6850013509938 0
-1604.7188547621352 1123.636238811699 0
-1599.2134774586752 1078.683110795071 0
-1405.6118718765306 912.8150226851858 0
-1376.3820600618794 860.0589658504915 0
-1381.753688731805 830.2413767550076 0
-1394.3009000929462 804.9999999999999 0
-1421.257024101518 787.8156329002979 0
-1338.5485507741332 711.7188891834103 0
-1316.0166362262191 670.5439681153107 0
-1297.858602855997 633.0079359634276 0
-1301.4579821846294 606.8798238596445 0
-1310.0241862594894 583.2603461706979 0
-1317.2424452904422 559.1362448681508 0
-1316.601073484838 531.9413626505954 0
-1284.6066668601495 493.1142985743331 0
-1277.0422716480493 464.805374779584 0
-1284.9597442394715 442.4471219072758 0
-1297.2410882265895 421.4991803274284 0
-1362.7342772473257 416.62967922989964 0
-1350.5726827933381 387.2704849228839 0
-1298.2043105325076 347.8527966177883 0
-1298.2556817572834 323.6914963123554 0
-1293.9634460347922 298.73500016865296 0
-1315.6085229869686 279.6412241498863 0
-1311.4539170860792 254.92081782306408 0
-1230.024883512248 216.8865739059959 0
-1233.622737403327 195.38664683524848 0
-1231.8934775145135 173.13133759432128 0
-1226.787043428674 150.63050844876236 0
-1224.2564531983444 128.67453828248173 0
-1226.3156733509388 107.28871932236724 0
-1279.8746764833545 89.49755581371305 0
-1290.2293589029093 67.6180554658834 0
-1223.2543722713733 42.716983963861395 0
-1201.8169295779824 20.977792537614693 0
-1194.0 1.4622282781819397e-13 0
-1188.818909540949 -20.750911253930244 0
-1170.2866584393612 -40.86731063862855 0
-1153.4171126415329 -60.44802946059982 0
-1145.203529698278 -80.08043185825582 0
-1143.6315134093238 -100.05479267431132 0
-1142.705657778146 -120.10320429453387 0
-1141.4280743875204 -140.1497449159194 0
-1141.7790832590306 -160.46658540695555 0
-1144.7307867497648 -181.30754498162742 0
-1147.3010322592224 -202.300126981974 0
-1168.13634830272 -227.0627044980882 0
-1235.4004197267964 -262.59246550283024 0
-1218.9369510463293 -281.4137689841751 0
-1211.8993621187196 -302.1604476039847 0
-1203.543579556179 -322.4885301977409 0
-1204.4609050107135 -345.37360683869974 0
-1203.9876877574616 -368.0959762459256 0
-1214.4991713089112 -394.61470181680767 0
-1210.2637767671254 -416.72723770516063 0
-1290.1979683390523 -469.5936567861431 0
-1292.0753102721271 -495.9812421706958 0
-1287.8583739932678 -520.3285582547018 0
-1285.0247754196068 -545.4606553710258 0
-1279.8771861572839 -569.8380369491961 0
-1274.26874857353 -594.2012760074232 0
-1270.894781467022 -619.8568015597556 0
-1265.2292643474825 -644.6665096301563 0
-1260.8491626025475 -670.4053916582521 0
-1255.9538994521724 -696.1866146737399 0
-1253.1387592760827 -723.5000000000001 0
-1243.749753318765 -747.3202466944886 0
-1239.846316580695 -774.7419643089454 0
-1230.329723175937 -798.9854643670448 0
-1230.291757671682 -829.8422687505881 0
-1223.8131541677537 -856.923195908463 0
-1222.4246785005457 -888.1435162139268 0
-1211.5300687417432 -912.9533901216574 0
-1211.1725282935317 -946.2716875755366 0
-1197.581926605192 -969.7827226077998 0
-1196.5614201518435 -1004.0342463303743 0
-1187.9128792706433 -1032.6369116310582 0
-1177.1414035561925 -1059.9028804724314 0
-1174.5540448003878 -1095.2893662603724 0
-1172.5238745520012 -1132.2931438481658 0
-1167.4332957389902 -1167.43329573899 0
-1155.2168700733125 -1196.262087963177 0
-1148.4852383452476 -1231.599633526683 0
-1137.5220308100588 -1263.3462033115704 0
-1134.326061124587 -1304.8928642051728 0
-1083.097122321819 -1290.7848866554777 0
-1051.594373444279 -1298.6109015945979 0
-998.6029129782174 -1278.1534423501032 0
-965.9131121590375 -1281.809993625905 0
-922.2350608468905 -1269.3476641742923 0
-879.8662533625052 -1256.579235939313 0
-847.7364416616518 -1256.8209599934435 0
-809.3336060323301 -1246.2644639669002 0
-779.5112376870446 -1247.4787494461025 0
-741.6548278704785 -1234.3209130110415 0
-707.5000000000007 -1225.4259463549804 0
-681.1575164461033 -1228.8406885308514 0
-647.8707566445293 -1218.4676781453193 0
-616.5190986463047 -1209.9868598478035 0
-590.9243058716768 -1211.574374411277 0
-561.2370515916485 -1203.5767411846712 0
-530.3845825708433 -1191.2632767659518 0
-506.3875425220989 -1192.9742900743627 0
-477.9980131987041 -1183.0865984272207 0
-454.4105600234413 -1183.7799807984516 0
-429.23527987371403 -1179.3142390863152 0
-403.3789433724171 -1171.4975151675535 0
-379.16385209806066 -1166.9463454941533 0
-354.93924953340286 -1160.9539737391249 0
-333.5212005385687 -1163.126652085366 0
-309.5475779426147 -1155.2472882417258 0
-285.95168059880734 -1146.8895484582279 0
-264.7673909627294 -1146.8335662522218 0
-243.0487665659612 -1143.4545452578186 0
-221.33843463679176 -1138.6875327992902 0
-199.8690524946368 -1133.5137237170513 0
-179.27389693610476 -1131.8908383220278 0
-158.65733509447503 -1128.90559836539 0
-137.7123580478163 -1121.577151354694 0
-117.48999271284238 -1117.8426103939394 0
-97.87589910562022 -1118.7266459570303 0
-77.56919880346764 -1109.2912238889246 0
-58.040575473425235 -1107.4801540428223 0
-38.633742849668344 -1106.325645510139 0
-19.21509948744913 -1100.832312367187 0
-2.0114823675995275e-13 -1095.0 0
19.110385048825027 -1094.8332261962485 0
38.00555190902389 -1088.3366106237952 0
56.88918443608007 -1085.5103042782218 0
75.61601753863174 -1081.3594304816495 0
94.21535791021817 -1076.886468637177 0
112.89074032906522 -1074.0836469977353 0
131.6188908775595 -1071.9498437726277 0
150.16777593591064 -1068.4992461721545 0
168.7927877784089 -1065.7157195021537 0
187.36638370261744 -1062.6075655001725 0
205.88290601129216 -1059.1757309400293 0
224.3367143923624 -1055.4212611917762 0
243.17208974571798 -1053.2940400328393 0
261.27564724764085 -1047.9193843780763 0
279.78338775582444 -1044.1658182184829 0
298.23961899399336 -1040.085155005261 0
317.22329962416933 -1037.5906602198934 0
335.28343889681776 -1031.8963201802417 0
355.19485651275755 -1031.5607659788548 0
373.82801665495623 -1027.084034518998 0
392.7712727016492 -1023.2041474409331 0
412.816465944335 -1021.7566077325997 0
432.5393592376258 -1018.9988727718517 0
450.6642005279861 -1012.208367068002 0
469.95150705565794 -1007.8142591847547 0
490.5373132569776 -1005.750537808768 0
510.28532170725043 -1001.4913331877257 0
530.9723375108421 -998.6137275234465 0
550.2589189795929 -992.693367603214 0
572.0000000000001 -990.7330619293978 0
592.8088242214724 -986.5995631081313 0
615.2362657747507 -984.5838396376108 0
636.1383928975512 -979.5672233602555 0
658.72924028854 -976.6062604698391 0
678.5409242032874 -969.0568683938773 0
702.4033764895051 -966.7753082780623 0
727.594362990826 -965.5503316471772 0
746.7973695700238 -955.8570441249535 0
772.8054402092005 -954.3352406691602 0
797.6994236209952 -950.6611539106518 0
820.7298452671243 -944.1416848586881 0
845.1119558312374 -938.5919145779493 0
874.3218976001232 -937.5954454757764 0
896.8039562625654 -928.6676822371987 0
926.309883354377 -926.3098833543775 0
958.1606140510829 -925.2849494513848 0
979.2826064680695 -913.1958041236852 0
1009.1906729983014 -908.6793634353294 0
1043.0086398678707 -906.6735780648812 0
1067.865953707855 -896.0459279030362 0
1100.4386814230704 -891.1176737265704 0
1127.6433884112191 -881.0115711910169 0
1166.0078446690475 -878.6499338019904 0
1202.1992536411717 -873.4488849066154 0
1242.6536511864 -870.1154539445375 0
1270.9145987268791 -857.2427210206545 0
1310.0034271307525 -850.7261726934721 0
1338.21989573484 -836.2125989599975 0
1386.8966925360173 -833.3316052044681 0
1435.0040940708143 -828.5000000000007 0
1468.4864882870456 -813.9953523935997 0
1518.6698597173543 -807.4910879917322 0
1577.081547813411 -803.5631845389981 0
1609.7401369218078 -785.1227238992383 0
1670.325251508546 -778.8854563881087 0
1732.995733148014 -771.5794119147929 0
1776.5743671632097 -754.1110779842986 0
1836.7512158968057 -742.0956615569223 0
1915.7070351722575 -735.3710324669572 0
1918.852331644825 -698.4051326710153 0
1916.5661527398152 -659.9266490846567 0
1904.9662021391925 -618.9610397330201 0
1898.264940586625 -580.3578338746332 0
1888.8792325187967 -541.6274041804029 0
1881.623509611105 -504.1794998597103 0
1883.344004701709 -469.57039935895534 0
1872.739264517222 -432.3559264489092 0
1862.3930317971658 -395.86385931701477 0
1861.165139816771 -361.7738552339287 0
1842.5753058858413 -324.8957404148268 0
1844.014131891122 -292.0631462301115 0
1836.9472675156128 -258.1661022809222 0
1838.1954728397286 -225.70202398633268 0
1825.9421998961498 -191.91425855941168 0
1821.0439081117108 -159.3206977427194 0
1816.5641355231398 -127.02653868805278 0
1803.5249397667603 -94.51873697475753 0
1798.9034886343725 -62.819094064501485 0
1824.722043660414 -31.8506417480425 0
