1984.0 0.0 0
1988.6970656660621 34.7128364037569 0
1986.7889641139623 69.38019944457193 0
1989.270033231111 104.25322483594412 0
1993.1329724191287 139.37343454076236 0
1994.3817855796747 174.48579698081164 0
1993.0218783180196 209.47504038837755 0
1940.4277264587845 238.2545663570633 0
1950.8280954208935 274.17100889132894 0
1942.782965950636 307.7065927341341 0
1930.2231959039277 340.35042822718344 0
1937.7320601256886 376.65695687329946 0
1951.4044634639424 414.7838231814299 0
1968.2275308661751 454.4011297746073 0
1947.383522635925 485.5372444685331 0
1910.6012843997771 511.944071212786 0
1914.8332983091314 549.0696127874623 0
1900.1775500985514 580.942577284078 0
1950.61691492136 633.793855463017 0
1938.3130799785995 667.4147166371712 0
1929.18895047347 702.1673542475978 0
1919.4413568782468 736.8045042651373 0
1970.2656909544232 796.0390110088131 0
1942.2652407846492 824.4426811123676 0
1967.7769157621622 876.1107291852736 0
1970.313129017677 918.7721010242806 0
1970.156549487774 960.9095537616577 0
1924.5740922468747 980.619479437421 0
1933.6552283610501 1028.142722501101 0
1915.4171586352766 1061.7330683394782 0
1939.8969044771427 1119.9999999999998 0
1918.3404189713274 1152.6552116487012 0
1928.4613706597127 1205.036406866308 0
1897.0728246925491 1231.9734972039912 0
1904.2993041589307 1284.4660992723057 0
1917.63493568053 1342.7424374977988 0
1983.7096702073711 1441.2494386211442 0
2008.5683077689414 1513.5647832274014 0
2099.260647608307 1640.1221702675537 0
2105.288409586934 1704.8289393540094 0
2109.6863963496653 1770.237077076729 0
2113.186824623762 1836.9652811734204 0
2114.990173308664 1904.3457056973104 0
2137.7468698328353 1993.481206462683 0
2119.1750517976666 2046.463559372206 0
2141.8264402140526 2141.826440214052 0
2158.9982153865635 2235.7080994525277 0
2146.930837476745 2302.3014526971488 0
2158.6153361136767 2397.385206990074 0
2147.2812018859304 2470.164456069133 0
2076.203979287522 2474.323551274299 0
2020.1184552699783 2494.6385362768765 0
1943.6432776031031 2487.7499491364215 0
1878.866502280695 2493.340062367648 0
1822.1342821066667 2507.952682562337 0
1748.2609779979887 2496.775430992847 0
1693.795304612892 2511.1548072692212 0
1632.2831879400362 2513.495692132436 0
1563.2618294879544 2501.7418836614565 0
1511.1217117860988 2514.9288602599977 0
1454.0000000000002 2518.4018742051476 0
1401.5846121321606 2528.525573339993 0
1343.1581411304337 2526.11306316939 0
1290.6949907595315 2533.1315482675295 0
1239.7136031195112 2541.789562934044 0
1184.1763693974399 2539.474419276693 0
1138.4558639691647 2557.01373594164 0
1081.934494786799 2548.877939209807 0
1029.418918706926 2547.9012323495317 0
977.2693984100341 2545.8738230578692 0
932.6889308490989 2562.541776883172 0
882.9408348878092 2564.246377025347 0
834.3458848123581 2567.8525939969145 0
785.310398885271 2568.634574516713 0
737.3299268104728 2571.375036635003 0
689.4939361531152 2573.226401234078 0
640.60917954792 2569.3430831788387 0
595.6703919025543 2580.131931551303 0
548.2631286864316 2579.3752231350454 0
503.54493879870205 2590.5141371183854 0
456.1737627310262 2587.0899671630705 0
408.60682268508316 2579.8419456345 0
366.7211210297725 2609.356361134038 0
320.0288957819173 2606.4261942101116 0
274.178159151055 2608.6309315509807 0
227.47648857138773 2600.068162019456 0
181.99463999842274 2602.6446071278815 0
137.1202053565132 2616.4093810569834 0
91.61117884406534 2623.4009209251262 0
45.812566897869445 2624.600199785527 0
1.6079612472804748e-13 2626.0 0
-45.95218614936739 2632.598981346778 0
-92.06487230119752 2636.3930016763748 0
-137.85290874391407 2630.3901945435473 0
-183.9478212632585 2630.5764005351566 0
-230.788406795799 2637.923560546942 0
-276.373256879676 2629.515891353715 0
-322.95376002364054 2630.2473018495034 0
-372.14887196721475 2647.976815814959 0
-420.49584202814043 2654.90625951973 0
-470.23926512204724 2666.859395157059 0
-518.6188494334488 2668.0626846107507 0
-566.9751808600297 2667.408507201088 0
-614.5662804674392 2661.9790169932626 0
-664.5594472122874 2665.4023600801625 0
-719.7757644301105 2686.239722909899 0
-772.3358709992314 2693.4552720191696 0
-822.1492336803354 2689.128973768056 0
-872.3549751204763 2684.8325455012186 0
-925.9158312761535 2689.054829004457 0
-972.3632674748761 2671.5461208943375 0
-993.037588190027 2586.951361823746 0
-994.2058989258306 2460.745950020254 0
-1012.7750850441976 2385.9485801487253 0
-1006.6731916126057 2261.025007665437 0
-1005.8314629428644 2157.0125331472273 0
-1020.9664008717615 2093.29133383076 0
-1032.3743964077291 2026.1488360043486 0
-1054.9026015798968 1983.9832411540087 0
-1103.9115053009093 1991.5090731564044 0
-1149.9999999999995 1991.858428704209 0
-1198.4936003156963 1994.6283087338154 0
-1256.9684947611618 2011.5700840830427 0
-1301.6872936859147 2004.4226573895633 0
-1363.3122986616804 2021.1936018891918 0
-1406.409421932765 2008.5608125966075 0
-1465.9364192174278 2017.688383971119 0
-1530.415603875659 2030.9301020502653 0
-1581.6343301116162 2024.399626015669 0
-1638.7502982937763 2023.6880836339526 0
-1649.39300645566 1965.6700410432975 0
-1646.708162766173 1894.3210463591581 0
-1648.7378140682267 1831.1088499762993 0
-1661.348005112246 1781.5776171442994 0
-1656.7602135447087 1715.6254238076829 0
-1671.6004307249982 1671.6004307249984 0
-1665.2716377839774 1608.1341276125784 0
-1679.9194526192346 1566.5502330635593 0
-1673.5621469750913 1506.882125520149 0
-1671.68172019344 1453.1707492139735 0
-1677.6373304305616 1407.7048652135215 0
-1679.4124227085142 1359.9613650586987 0
-1691.0710772400253 1321.209526048863 0
-1681.1277486495517 1266.8206237350614 0
-1685.1823992830152 1224.3566805252217 0
-1688.2723632796124 1182.1410353195056 0
-1695.3818358750602 1143.5494875976774 0
-1703.339923497156 1106.1618801155205 0
-1696.0961923128518 1059.8385284664098 0
-1106.6029852064269 664.9141547088802 0
-1121.5028979008482 647.4999999999999 0
-1128.2594222098205 625.404410117775 0
-1127.5240760808497 599.5151856775824 0
-1134.2513052917923 577.9299061684432 0
-1127.9865281054547 550.155789220292 0
-1134.6973493698856 529.1180636993557 0
-1143.7589129685362 509.2342771309021 0
-1185.6102512467432 503.2616934941846 0
-1264.6787776290978 510.9633934193043 0
-1357.4259401269314 521.0669986388665 0
-1460.2823327013016 531.4993027280894 0
-1524.1759438660988 524.8158649849364 0
-1656.7404513861575 538.3076042011586 0
-1728.0426940252053 528.315670433985 0
-1731.2323143849123 496.4228778264156 0
-1736.7346356677447 465.3566430943328 0
-1733.9184628552057 432.31442743660625 0
-1733.4043452529334 400.1879256777362 0
-1734.2556961010375 368.62742781988726 0
-1738.461741885813 337.92273081186113 0
-1740.1552995725715 306.8363299374658 0
-1743.269921150418 276.10683079600767 0
-1745.8426051913887 245.36217699259518 0
-1748.8663191920093 214.73378307986997 0
-1750.358535848161 183.97009535107057 0
-1747.3255004529217 152.87117277939248 0
-1749.7273441557315 122.35285494719616 0
-1757.58798116805 92.1112829875811 0
-1759.9272463806276 61.45801369310451 0
-1759.7319434752487 30.71623532961885 0
-1762.0 2.1578276600976363e-13 0
-1765.731029646187 -30.8209497682429 0
-1764.9242005157232 -61.63251117661659 0
-1763.5797583765775 -92.42529872503833 0
-1761.6981127588494 -123.18993263212523 0
-1768.2455891128484 -154.70144337709286 0
-1766.2708861740534 -185.6425507633526 0
-1774.6725191346839 -217.9023860084034 0
-1777.5311833911187 -249.81571622331762 0
-1776.8513247306528 -281.4256026073751 0
-1780.532417446072 -313.95590522181027 0
-1775.763574856824 -345.1734726361694 0
-1723.4960724929654 -366.34039922089227 0
-1651.5572598109738 -381.2920371128511 0
-1531.1266560635224 -381.7527512562753 0
-1474.0028109171183 -394.9578628264467 0
-1371.720440103981 -393.33450675085754 0
-1328.3073060326562 -406.1042978598814 0
-1246.8350928629463 -405.12127962555587 0
-1204.5906653135296 -414.7738287784177 0
-1137.0280711509492 -413.8443734240591 0
-1102.5584836931953 -423.2325484129998 0
-1041.2274686785022 -420.6832044060692 0
-989.5427174613734 -420.0359631259691 0
-959.2227305247309 -427.0734752295902 0
-910.8393259718333 -424.7313530494028 0
-888.0085177435769 -433.11069302760853 0
-863.3853219385285 -439.91679424762077 0
-822.024208951661 -437.0780249536644 0
-788.0323561325956 -436.8134678419496 0
-764.7004315416593 -441.5000000000001 0
-732.8780421003061 -440.3575540480963 0
-714.0564969637107 -446.1920204843584 0
-683.5165128755206 -443.8808135372471 0
-665.7171707616986 -449.0319014870096 0
-639.7577465897026 -447.96319679016705 0
-622.1340686743347 -452.0068590129118 0
-596.5807260053277 -449.55582229458014 0
-580.7639254081541 -453.7425073150101 0
-559.5450922490189 -453.1106815558831 0
-543.8915546144744 -456.3792028774429 0
-523.7684486746039 -455.3049661194119 0
-510.5404951029698 -459.6927265685356 0
-491.4696874880826 -458.3028979619989 0
-473.3255886228324 -457.0852077620203 0
-460.3265145524425 -460.3265145524424 0
-448.05464894605325 -463.97417121843 0
-431.7049619195616 -462.9468931249349 0
-416.19923715520974 -462.2360814469393 0
-404.1323618581525 -464.90110141722755 0
-389.52929147004295 -464.2229325301006 0
-378.22155502095256 -467.0647228356393 0
-363.8559319174639 -465.7143553815728 0
-353.8672336134044 -469.5976799078082 0
-340.327661077342 -468.4208397430945 0
-327.5121451564475 -467.73581728901416 0
-316.5031833644426 -469.2352660661537 0
-306.63177671346017 -472.1715297532737 0
-294.635110913662 -471.51474146297284 0
-284.8160554252601 -474.013517288268 0
-273.5000000000002 -473.71589587008776 0
-262.2820045532682 -473.1692615624132 0
-252.57570077880922 -475.0258049581027 0
-241.9769363611785 -474.9064773924 0
-231.45996550463303 -474.56325644596006 0
-221.87458741386706 -475.81158819424127 0
-212.31652768556765 -476.8707288894377 0
-203.1801868144224 -478.66252379526895 0
-194.04621538944258 -480.2812366655958 0
-184.20112606628456 -479.86033921956164 0
-174.77229323941663 -480.1829292215992 0
-165.71419061869273 -481.2689549800523 0
-156.67161614809842 -482.18565376164287 0
-147.06296747553677 -481.02129224940677 0
-138.64558997595043 -483.51463305697445 0
-129.66834159636284 -483.9288389708232 0
-120.71902590423423 -484.17756741172224 0
-112.0256250632449 -485.2362922630471 0
-103.33211033642661 -486.13935756470136 0
-94.45045271138959 -485.9054558065937 0
-85.78219976746358 -486.49502998803075 0
-77.27862572987414 -487.918040253998 0
-68.61233877331246 -488.20215788959416 0
-60.081586298737555 -489.3252527591718 0
-51.42800392768545 -489.3047725211905 0
-42.88062543184786 -490.1277914611388 0
-34.32018508210979 -490.8015127278335 0
-25.7492904715286 -491.32573109925033 0
-17.170552377630376 -491.7002868933951 0
-8.604036373580765 -492.9249137121009 0
-9.056263079694677e-14 -493.0 0
8.604036373580582 -492.9249137121009 0
17.275250867738134 -494.6984593744524 0
25.958634296500197 -495.3202492382686 0
34.66896745083024 -495.78933297913267 0
43.403559888333625 -496.1049596496893 0
52.368760097094146 -498.25546957950496 0
61.05654104597899 -497.2656219723023 0
70.00406978291294 -498.1048385770099 0
79.15583931035673 -499.7703003411397 0
88.03962607713349 -499.29753077718954 0
97.31258764203801 -500.62986355830856 0
106.86660908032835 -502.76786677717604 0
115.84979298709044 -501.8005833643962 0
125.55746381622741 -503.58348193724225 0
135.1035415435156 -504.2132813228937 0
144.70961180392467 -504.6623903676174 0
154.95700350305046 -506.8415206604088 0
164.39704100747193 -505.96206666902174 0
174.83009894349294 -507.7434750968332 0
185.71693782583827 -510.2530930867482 0
195.668900451734 -509.73491286747213 0
206.4082329721675 -510.87830386629986 0
217.63723856852533 -512.7212033730093 0
228.17925676552366 -512.4990017374992 0
239.20193614523598 -512.9702074627438 0
251.18666711014134 -515.0089885294227 0
261.49852784997887 -513.2197579325 0
274.6408642297459 -516.5243418224724 0
287.49210480607803 -518.6494863336616 0
299.00000000000006 -517.8831914630942 0
312.62811147040287 -520.3005515261822 0
327.4901052961205 -524.0937234246713 0
338.22084074433155 -520.8144226941084 0
353.40991499351213 -523.9517458547863 0
365.36818995561634 -521.7998522120878 0
382.0604139901074 -525.8610463437159 0
397.7997303035037 -527.8980721412607 0
411.2618655175399 -526.3911834092902 0
429.19650669598917 -530.013545713654 0
447.3801763418313 -533.1669324108087 0
461.20949738032647 -530.5608348966089 0
481.10490597201874 -534.3211295182467 0
501.26879464593645 -537.5449706900902 0
516.131169251035 -534.4694716516178 0
0.0 -0.0 0
553.8916462607611 -534.8869452534282 0
718.9206886916447 -670.4043879414357 0
739.4291013500073 -665.7849533270638 0
774.332029308564 -673.1165637442606 0
807.4108430474026 -677.4981406096127 0
832.3233247204155 -674.0021388143763 0
871.5398934890345 -680.921591710178 0
896.0690422730626 -675.2364559765981 0
942.5047984468137 -684.7698189207315 0
987.8973654125239 -691.7331822393621 0
1017.2291015250363 -686.129692558606 0
1069.3049741304158 -694.4147696441594 0
1127.0559197918901 -704.2627021659295 0
1162.318859752064 -698.3916295780339 0
1227.1579971625492 -708.5000000000007 0
1253.3300403307542 -694.7321858130008 0
1259.0832674168298 -669.4664485326803 0
1283.9404013554379 -654.2003101246872 0
1322.1260421060745 -644.8439569267334 0
1318.6778301383258 -614.9095708327173 0
1363.0098228027607 -606.8510714690939 0
1412.9749500494959 -599.7722822310354 0
1513.1640506529968 -611.357960454769 0
1625.363522531628 -623.9186001583687 0
1700.8436436224943 -619.0564594194602 0
1852.2708895990618 -637.78801458157 0
1934.4489541443422 -628.5405665586435 0
1945.123873628814 -594.6840474060474 0
1940.7873640994658 -556.5118213945209 0
1942.4768366673163 -520.4850997011691 0
1943.502339730821 -484.56955688613476 0
1945.8170193761146 -449.2272555246991 0
1955.3170538668774 -415.615469944702 0
1963.2543668953278 -381.6179907530893 0
1957.7978129882695 -345.2125772018576 0
1961.5490444219433 -310.678847569899 0
1963.7015803145339 -275.98025920381065 0
1958.2935571883286 -240.44821453835547 0
1964.1807433523397 -206.44371495361548 0
1970.4731128254728 -172.39405915486816 0
1968.193871162633 -137.62952269715987 0
1970.2960720707742 -103.25884166732924 0
1975.7956650167523 -68.99630498084413 0
1966.7004163726217 -34.328883462136766 0
