2156.0 0.0 0
2179.667975440933 38.04624603327805 0
2182.669566209705 76.22050079826212 0
2239.926046454509 117.38954985292303 0
2152.7432204607007 150.5344703398224 0
2123.8870963316017 185.81604353800722 0
2104.4083305992663 221.18222827435474 0
2112.138210692733 259.33796276615385 0
2136.998492344309 300.3355518718212 0
2125.5053089607363 336.64696876657683 0
2127.1847465063693 375.0800637605695 0
2119.3330890635066 411.95662101796023 0
2206.7009872554654 469.0487744848651 0
2169.9221342767187 500.96599802378734 0
2182.195088394716 544.0823432036527 0
2176.230886629271 583.1193086159792 0
2164.7613392530943 620.7353252998821 0
2106.739377386567 644.0948655041891 0
2104.6880705611748 683.8546085517586 0
2114.1795350400726 727.9703933662024 0
2102.092392698077 765.0990606195209 0
2158.4379460615305 828.5466993487343 0
2079.673385793304 840.2425890318907 0
2061.9308717334666 875.2377278159732 0
2041.7740978312129 909.0563972744135 0
2012.0032872213628 938.2125410643528 0
2015.9950458490316 983.2664822479006 0
2012.7837381415231 1025.5645389116362 0
2021.067040054084 1074.6204072169041 0
2098.21267742741 1163.0582789709626 0
2075.8628928712997 1198.4999999999998 0
2082.9165407061328 1251.5425220314316 0
2073.4775951024617 1295.652601050186 0
2233.3797224386644 1450.3737502450172 0
2247.520859196718 1515.971961309195 0
2230.551016598925 1561.8486361838984 0
2228.032802508605 1618.760584813471 0
2216.2135403812376 1670.036689246934 0
2230.070432707023 1742.321975171613 0
2208.6488224607115 1788.528551363638 0
2214.6344850569653 1858.298979603785 0
2209.7896508922763 1920.9408368842053 0
2207.1401316678607 1987.317900885809 0
2223.315252922278 2073.2750145899954 0
2201.1797890362727 2125.6546136045317 0
2169.403604680328 2169.4036046803276 0
2088.1430615997456 2162.335439817985 0
2024.853131025558 2171.389140107317 0
1963.898329663249 2181.130062776152 0
1888.7939444636704 2172.8088814613607 0
1801.0908823416833 2146.4565296193764 0
1747.6227259453988 2158.1343349660083 0
1677.6775202624187 2147.3293035783176 0
1626.7060075799868 2158.7117836578327 0
1558.8064890796388 2145.5130690823607 0
1509.6531804759536 2156.0081805686264 0
1443.2768838579975 2139.7459747645626 0
1387.740261218289 2136.9326071249407 0
1341.7555770384747 2147.2577794680706 0
1280.3846542263946 2130.917909545451 0
1236.5000000000002 2141.6808235589165 0
1180.0266156795844 2128.8243671772893 0
1133.7738241279264 2132.3184367543086 0
1088.2152278756937 2135.7426384795176 0
1034.5559064222227 2121.153949266034 0
993.1529150906437 2129.8232995361273 0
942.4088020066291 2116.684825357906 0
898.6815955253295 2117.161162940613 0
852.6046066146156 2110.2704529940083 0
814.2119813669225 2121.0947290016425 0
768.1772419094522 2110.54962628515 0
729.5982341384882 2118.907127918069 0
686.9447784955082 2114.1986357241262 0
642.9253786852981 2102.9141583627147 0
603.0945345275942 2103.240590713042 0
564.4843373685977 2106.684227136458 0
526.1801229292772 2110.3932046502923 0
483.86971789365344 2095.870009353041 0
445.55475342245853 2096.170308372545 0
406.6139691474172 2091.847527926972 0
369.1760257198941 2093.701282903954 0
332.4232382104907 2098.8377237646678 0
294.76862783341863 2097.387769594646 0
256.6568372112406 2090.302195356624 0
219.71882978860756 2090.4850240641103 0
183.11421551282976 2093.0050606907575 0
145.93054307270998 2086.9039931435523 0
109.48682046023877 2089.1329867065683 0
72.66075213460725 2080.7317018537574 0
36.2835529831126 2078.6833582301374 0
1.2730203477136738e-13 2079.0 0
-36.30100538954963 2079.683205925294 0
-72.52115414779699 2076.734138545681 0
-108.91112494156613 2078.148061824268 0
-144.81443949280418 2070.942968339395 0
-181.10963342963382 2070.0925826346474 0
-173.93536287737552 1654.8844338928068 0
-201.6937633355189 1642.663880966388 0
-230.74900139178837 1641.8644579735237 0
-247.01002029852447 1559.5598897997224 0
-0.0 0.0 0
-402.9885982352626 2073.1966114414663 0
-438.2778442438367 2061.9351423468624 0
-478.24594153505706 2071.51075773341 0
-515.0517157316928 2065.7596012415966 0
-552.8374803389845 2063.2175649534497 0
-588.76139202511 2053.254982524249 0
-630.645767086943 2062.7493586122678 0
-671.1849117823856 2065.694753393074 0
-709.7385767166015 2061.2304948065107 0
-747.9980534532375 2055.107761658782 0
-785.1841774537529 2045.474714455369 0
-833.8742769438203 2063.9112602656687 0
-872.8933410450376 2056.4078426127517 0
-913.1237637051715 2050.909552407639 0
-913.2780636216512 1958.5311277862008 0
-922.7712639910081 1891.9614674597465 0
-906.6190279798748 1779.3400288041707 0
-918.2863768092026 1727.045491632061 0
-903.2003225189259 1629.4165144006945 0
-913.4999999999995 1582.2284127141695 0
-899.7715168678648 1497.4712743265902 0
-906.6918611030134 1451.010292523645 0
-895.3865735647046 1378.774413702277 0
-903.6557320087267 1339.7247172489474 0
-933.7824383795031 1333.5795281024784 0
-962.7922432550708 1325.1698367861638 0
-1002.6238285713126 1330.5267597387897 0
-1042.3148777263395 1334.1022058561803 0
-1076.7671890862716 1329.6967400528774 0
-1115.2365028061458 1329.0871088114268 0
-1148.7593597623782 1321.496474970074 0
-1195.7363935632798 1327.9998031281036 0
-1242.601012033872 1332.5264443501287 0
-1274.69810979226 1319.9885336214247 0
-1322.9967876000303 1322.9967876000305 0
-1377.535717648517 1330.2707794289795 0
-1413.7067052298564 1318.3028300008098 0
-1456.5638579356923 1311.4959884633624 0
-1501.1173550630936 1304.901408662119 0
-0.0 0.0 0
-0.0 0.0 0
-0.0 0.0 0
-0.0 0.0 0
-0.0 0.0 0
-0.0 0.0 0
-0.0 0.0 0
-1350.2596143921326 876.8688463741939 0
-1476.4517354083375 922.5894390300098 0
-1487.1852667181647 893.5910599689444 0
-1493.0277961243723 861.9999999999999 0
-1482.4804036012758 821.7523063175415 0
-1488.649641560151 791.5290548570117 0
-1483.5258627736323 755.8941820663455 0
-1474.022235930634 718.9286807340868 0
-1478.188000656776 689.2903848990809 0
-1479.9436413810133 658.9133617827966 0
-1476.4897849377144 626.7327300967951 0
-1472.3679610520583 594.8752703444686 0
-1475.990654292076 566.5797282311196 0
-1473.4380293923043 536.2875847346488 0
-1475.0089779349344 507.8863209531643 0
-1472.2354872248977 478.3583072924187 0
-1465.0588861353704 447.9134516352325 0
-1469.7691330896896 421.4495170441918 0
-1466.2754043068055 392.8873104656269 0
-1464.1762509504788 365.0601404598986 0
-1463.5038373074233 337.8764836244855 0
-1468.1995487014424 312.07544791745676 0
-1466.55101207081 285.0686390925582 0
-1460.4698977171045 257.5202474800576 0
-1460.7910557402085 231.36657379450162 0
-1460.6454013938162 205.28032391609636 0
-1462.0204813676673 179.51354283578235 0
-1460.9526642959934 153.55231254018332 0
-1458.4290380063155 127.5960073825716 0
-1454.4483852788237 101.70493871893501 0
-1446.015566324623 75.78246463978263 0
-1452.114871658746 50.70896870873416 0
-844.0 1.0336018984803662e-13 0
-847.8708454926198 -14.799640658816523 0
-849.4822029662314 -29.664572197125764 0
-849.8337340761424 -44.53789876274497 0
-850.9221348716301 -59.50227210373886 0
-847.7616880760754 -74.16953707825691 0
-847.3326548537689 -89.05825070404079 0
-847.6344135016891 -104.0764192679958 0
-846.6791987740426 -118.99300132085602 0
-844.4735312088428 -133.75146760939728 0
-0.0 -0.0 0
-845.1810049484387 -164.286545019205 0
-1439.8332682801617 -306.046008883742 0
-1434.2727353638663 -331.1279519941692 0
-1432.1564919833709 -357.07671790510926 0
-1430.5361487341102 -383.3110057968333 0
-1427.4736184684036 -409.32147338824353 0
-1430.631914920701 -437.3880702652142 0
-1428.4868874753208 -464.1435255511708 0
-1423.950974852571 -490.3056406124781 0
-1426.453398353009 -519.186577568365 0
-1421.8429895552383 -545.7943871574926 0
-1422.3000329054519 -574.646514300009 0
-1419.418484023663 -602.5074001304598 0
-1418.7360957189592 -631.6620066967178 0
-1421.996917860504 -663.0880526711571 0
-1413.8030348285895 -689.5578138992189 0
-1414.0273538869399 -720.4829230866605 0
-1411.8332009814242 -750.6850288946395 0
-1411.636207322985 -782.4827270775878 0
-1405.5592303421438 -811.5000000000002 0
-1406.6115404521663 -845.1774809273988 0
-1409.4559358119802 -880.7258171555864 0
-1400.5798484688582 -909.5471884750953 0
-1406.0477230533509 -948.3911642863864 0
-1402.3882998227539 -981.962859032991 0
-1398.7903832742843 -1016.2807012136859 0
-1401.605320132999 -1056.185365631845 0
-1393.9910231302913 -1089.1051498510892 0
-1363.8911623569838 -1104.457286292465 0
-1332.1512865839027 -1117.8076532448918 0
-1270.1762235149256 -1104.1473457910233 0
-1238.0792792453387 -1114.7715901938577 0
-1183.330289219818 -1103.4733465811223 0
-1150.9436805418418 -1111.4533927343957 0
-1103.7936854322008 -1103.7936854322006 0
-1055.8807230976759 -1093.3964965147497 0
-1027.7715286141854 -1102.1500283400899 0
-984.9602525602392 -1093.9091831027245 0
-957.1901232971501 -1101.1212775450244 0
-919.1862818517515 -1095.4435536601384 0
-889.2297125534209 -1098.1072435386993 0
-853.3068048013621 -1092.182904498917 0
-828.0974718572185 -1098.9224618250748 0
-793.5100905948389 -1092.172942406179 0
-767.4452718377 -1096.0254352586708 0
-734.779475160561 -1089.355370337325 0
-705.8521893794749 -1086.9170560572695 0
-680.4163352754352 -1088.893755464851 0
-652.553240911039 -1086.030969989576 0
-628.5000000000006 -1088.5939325570391 0
-600.6791194852113 -1083.6538171457116 0
-577.4500222266456 -1086.0255392164802 0
-552.9604286827681 -1085.245946461432 0
-530.4290876147841 -1087.5407960219918 0
-505.4514410418762 -1083.9441132958334 0
-480.7627121155957 -1079.8107309335544 0
-459.89053823187527 -1083.4342125135222 0
-436.4166813295378 -1080.1691905703071 0
-415.3484535230035 -1082.0197143102566 0
-392.2971043945418 -1077.827436041437 0
-371.7988323900729 -1079.7822133344198 0
-349.80723763244066 -1076.5959764461138 0
-328.041052698911 -1072.9739361905256 0
-308.98947587085576 -1077.5743611468556 0
-287.8067781540029 -1074.1095188334439 0
-268.29138222003155 -1076.05796044008 0
-247.89606188693952 -1073.7558113933292 0
-228.70285989953575 -1075.962360807186 0
-208.36342295118672 -1071.936884324849 0
-189.45016183462099 -1074.425258536319 0
-169.4185256385702 -1069.6664728645342 0
-150.44612213783117 -1070.4797823096374 0
-131.37515219074865 -1069.9647514693452 0
-112.2635695494597 -1068.1165156255256 0
-93.5181119682373 -1068.916911052443 0
-74.49991395872613 -1065.3984056774923 0
-55.89480126746452 -1066.5363431178848 0
-37.23776298156831 -1066.3500124293753 0
-18.60426526214421 -1065.8376430367132 0
-1.9545362914391755e-13 -1064.0 0
18.56936044926925 -1063.8379476464004 0
37.20286348486636 -1065.3506216023561 0
55.58078553000647 -1060.5445659093575 0
74.29064453749336 -1062.4057135267128 0
92.73371028350799 -1059.9511587696172 0
111.32281338005043 -1059.165818567211 0
130.03458941329257 -1059.0467438012906 0
148.77604492631 -1058.5965654847387 0
167.2284431280066 -1055.8388360962024 0
186.84543916961664 -1059.653142241136 0
205.88290601129216 -1059.1757309400293 0
224.5446260831802 -1056.39940879251 0
243.84694290874958 -1056.217150227195 0
263.2110224124382 -1055.6817501882842 0
282.63039725195216 -1054.7910023076627 0
301.82290461961435 -1052.5815570524592 0
322.4859903091786 -1054.804145827228 0
342.3908297674415 -1053.7706200550301 0
362.357355910815 -1052.3621746420397 0
383.7466008114006 -1054.3351205217891 0
403.16394323846293 -1050.277979809352 0
424.05466374681237 -1049.5721233696033 0
446.99641099172885 -1053.057552349592 0
467.3404028940939 -1049.6637308313486 0
489.39194709573013 -1049.5044173884405 0
509.825643715697 -1045.2974758459313 0
534.8008086931859 -1049.6056854938975 0
554.9153872129225 -1043.6440547592517 0
580.3171154348657 -1046.9197894458566 0
605.5000000000001 -1048.7567639829551 0
626.8013371655359 -1043.1726049544707 0
653.9203720637746 -1046.49135065703 0
675.352403418633 -1039.951504252326 0
703.4646725661997 -1042.9292662742423 0
732.4571092202858 -1046.0571605570426 0
756.4796197004126 -1041.2048717605576 0
784.7667901902705 -1041.4207051016701 0
810.8261630038922 -1037.8101625000527 0
842.6600036157324 -1040.598442390884 0
864.5493350283953 -1030.3297759950256 0
898.1448106880042 -1033.1974153249753 0
932.7680652642478 -1035.9438867154881 0
1055.0514630166854 -1131.4041764048566 0
1112.8427094753135 -1152.3823601425192 0
1141.2703448350874 -1141.270344835088 0
1186.910670558774 -1146.186311257346 0
1232.3309872283025 -1149.1672367053095 0
1272.263941217299 -1145.5515980863652 0
1319.9870558096281 -1147.4472417043974 0
1359.7288865361857 -1140.9480071936077 0
1412.8513579287726 -1144.1044709286052 0
1467.2760232157164 -1146.3616670563756 0
1501.4347588889104 -1131.4122435258507 0
1575.9651050423975 -1145.005671465738 0
1620.2827436036252 -1134.53419110237 0
1652.2718821021983 -1114.4714566171979 0
1652.1810188524853 -1072.9388989796032 0
1685.0715670628183 -1052.9495780313785 0
1695.4769207887778 -1018.7453121720878 0
1728.586705953739 -998.0000000000009 0
1807.8389346571312 -1002.1014850491783 0
1859.4876305609 -988.707111227086 0
1958.4323401660324 -997.8711184275243 0
2050.1492196083996 -999.9245858258864 0
2117.1349905176144 -987.2362594262734 0
2229.964462105589 -992.8441457480282 0
2304.9441530449103 -978.3907457371419 0
2324.449923398936 -939.1387296936923 0
2320.880940272043 -890.9027225696177 0
2325.7392364451234 -846.4998547310298 0
2316.5205102183263 -797.6419784200339 0
2320.5778997601747 -754.0014662748722 0
2323.8205569901756 -710.4632424762513 0
2317.601948907287 -664.5616648747845 0
2317.2560572674747 -620.9068892009471 0
2307.3632370843197 -575.2902677360102 0
2307.3083134114368 -532.6840966862732 0
2308.428337731781 -490.6715903299133 0
2310.750389835801 -449.16437511638617 0
2288.6932180003714 -403.5583648979462 0
2311.190716992622 -366.0566481941408 0
2296.4316514117013 -322.7424211263928 0
2292.781610291454 -281.5181832658901 0
2290.3839250331334 -240.7290509054058 0
2293.240195007198 -200.63251980510944 0
2292.402187497076 -160.3003766640007 0
2157.0397950698793 -113.04566548475984 0
2153.6872322261515 -75.20841539388927 0
2160.6708692329616 -37.71465031096977 0
