2322.0 0.0 0
2321.6463481531405 40.52448774737231 0
2308.592810414111 80.61783738277724 0
2299.8438185397836 120.52970722749966 0
2301.3802639494143 160.92818492769706 0
2295.2325844033817 200.8068312906044 0
2278.449662288714 239.4747093461941 0
2275.908325713551 279.4464044280032 0
2272.665217761904 319.40226670335016 0
2270.6954950282216 359.64283512749074 0
2265.0578319280785 399.39080863393974 0
2259.7057762965223 439.2423073568061 0
2241.914300881883 476.5335953543044 0
2237.1536687469 516.4876207735141 0
2237.501944792448 557.8718912528337 0
2227.4249554225917 596.8367180064129 0
2224.35956440127 637.8248413605361 0
2217.6707290782792 678.0099832520266 0
2211.206400386232 718.4645119217527 0
2203.0582811464083 758.5737998851752 0
2197.9410400182396 799.9851152387391 0
2187.3789392829435 839.6561057846385 0
2182.5907936502176 881.8239209010569 0
2177.9144832684738 924.4698500056218 0
2169.670461901177 965.9995273050255 0
2166.98191880463 1010.4802638220124 0
2149.9153587476076 1048.583783119473 0
2149.9987428665318 1095.4790758715262 0
2154.3921265757817 1145.5106131975735 0
2107.8334942059437 1168.3911847936722 0
1970.207793609598 1137.4999999999998 0
1896.0540691530725 1139.2642217010398 0
1774.116617159243 1108.5911007758646 0
1668.1157596434484 1083.287040644889 0
1610.820003474446 1086.5118114436611 0
1544.1016034847496 1081.1915825217218 0
1537.1322893124002 1116.791979355699 0
1529.3870017405657 1152.4757693361723 0
1525.5888189826137 1191.9206162304745 0
0.0 0.0 0
2052.999107558861 1722.6707939599253 0
2052.81005820594 1784.48055885418 0
2028.0422287278088 1826.057424753324 0
2029.506521993198 1892.5454491734333 0
2024.2221981529644 1954.7686544716182 0
2001.1121907579297 2001.1121907579293 0
1997.1428150696172 2068.1019259736217 0
1991.4352113824955 2135.5528087279777 0
1968.582243907761 2186.332076554494 0
1956.3680244496927 2250.5439682243064 0
1894.937873355918 2258.299018314747 0
1809.9254446593327 2235.071785150248 0
1729.393084189774 2213.5222068812823 0
1670.0366892469342 2216.2135403812376 0
1595.8369599740645 2196.4811397279823 0
1522.2718620756766 2174.029525542984 0
1468.440564514181 2177.05266552954 0
1399.7223199886196 2155.3833596197396 0
1342.8154155669413 2148.9538756603833 0
1284.504958825675 2137.775247951068 0
1231.0000000000002 2132.154544117288 0
1181.96585416057 2132.3228460058467 0
1127.201222248924 2119.9571704542836 0
1065.9696933884559 2092.0833187942876 0
1024.034998899285 2099.582892154854 0
972.0220020036087 2084.507910184295 0
930.6134393574308 2090.1920070862707 0
878.7543079723766 2070.2154154145383 0
832.3758505701563 2060.2025248474015 0
788.0511210501155 2052.9433578673465 0
745.603912449958 2048.5299133132803 0
698.3436913106012 2028.1373446605344 0
658.5152150130131 2026.7014362249722 0
618.3661554885882 2022.58455886182 0
579.1140845715153 2019.610823166408 0
538.0847947681406 2008.159792854973 0
499.8106363089134 2004.6309704862088 0
462.27441667664243 2002.3304831336584 0
422.0607323600517 1985.6396294896253 0
382.95365372072564 1970.1257571794615 0
348.1645962221955 1974.539544789477 0
311.9303232902205 1969.4505511467048 0
276.1194323047699 1964.6918483832756 0
240.57008388176115 1959.2861033399695 0
204.87578800460076 1949.2629149218155 0
170.12800984342869 1944.5720506750872 0
135.60658495857945 1939.2645137050984 0
101.47941915506836 1936.3426678891187 0
67.28622964242209 1926.8255144928166 0
33.45626314027266 1916.7080316148022 0
1.173823956982738e-13 1917.0 0
-33.351548701648724 1910.7089454438637 0
-66.55334021166932 1905.8383071254157 0
-99.59532473032213 1900.392004637954 0
-132.81632600881463 1899.3619516947053 0
-165.508755477803 1891.7737316762248 0
-197.55879557586522 1879.6463822460364 0
-231.67362181318515 1886.8302342701534 0
-263.73302631932387 1876.5579902652757 0
-296.1304423211569 1869.694028746596 0
-328.19505579049826 1861.286653193073 0
-361.2014282477993 1858.220258266428 0
-405.4277970946307 1907.3878214309211 0
-451.0268639594494 1953.6119798943967 0
-488.6822291113289 1959.9973670775128 0
-524.1085663326047 1955.9997982353634 0
-561.748931155044 1959.051336322294 0
-592.92981717771 1939.386045093036 0
-631.0127025136425 1942.0574062747037 0
-666.7635803282568 1936.422042827401 0
-702.5093743909235 1930.128643094256 0
-738.2379760633186 1923.1756785842356 0
-774.3118285906902 1916.4890273895496 0
-810.7670916152431 1910.0475709138136 0
-852.9267405299531 1915.704824676534 0
-886.2304948702465 1900.527429415855 0
-924.0863774313754 1894.657849598644 0
-971.9936599423695 1907.6449682872956 0
-995.2797131060887 1871.848896860925 0
-1039.916635428393 1876.0592718140042 0
-1050.9999999999995 1820.3853987548903 0
-1079.0047669365638 1795.7654949709254 0
-1103.8218273977657 1766.4841842938356 0
-1126.313524411076 1734.3707345111368 0
-1163.121239219153 1724.398150914487 0
-1206.23124564625 1722.6767491397495 0
-1243.1658085985805 1711.0709431030139 0
-1283.0696293601673 1702.6909074208281 0
-1329.2131252280963 1701.3152170369128 0
-1370.0304913154957 1691.846758091826 0
-1414.7755289200732 1686.0638193048705 0
-1453.1707492139733 1671.6817201934402 0
-1503.5364724883545 1669.8464228477048 0
-1555.6382593025587 1668.217793393328 0
-1597.019593685235 1653.762200978559 0
-1648.265906945842 1648.2659069458423 0
-1704.8353268026033 1646.3403379878232 0
-1715.0244302969547 1599.2861543465592 0
-1696.5996365648905 1527.6251743172736 0
-1701.1153938221282 1478.7570513446035 0
-1689.1279970773462 1417.3466793588195 0
-1665.4237954022885 1348.6335980198016 0
-1672.1588191534638 1306.433650641047 0
-1652.376870287849 1245.1552829015877 0
-1636.6413796205184 1189.0895653876735 0
-1646.4956090208736 1152.8886370656023 0
-1629.8878676432118 1099.3732482234884 0
-1632.8915957897404 1060.4122011742581 0
-1614.683575081835 1008.9662791000221 0
-1602.0456850122478 962.6061620068916 0
-1602.1469970012115 924.9999999999999 0
-1596.1809655293973 884.7775569495653 0
-1601.6669334460935 851.6214148936057 0
-1556.5883977570786 793.1214030449884 0
-1531.5450548937806 746.9844341285877 0
-1527.1286211567551 712.1117710330786 0
-1511.9177323985043 673.1491442904497 0
-1505.02543539474 638.8453950799626 0
-1483.4941673068597 599.3705494654596 0
-1506.7988083664836 578.4058705661146 0
-1519.4829678108138 553.0465717576066 0
-1440.9703092133589 496.1658673927066 0
-1416.1231527634836 460.12630462429684 0
-1412.4621245574035 431.83300787548194 0
-1435.16371203591 411.52657223477985 0
-1472.0709592645399 394.44022473624204 0
-1456.4138851402706 363.12476529510127 0
-1407.9647436146647 325.0542735268852 0
-1414.401430661083 300.64030492247997 0
-1437.1021965673801 279.34436923126185 0
-1457.515474458068 256.99930294705683 0
-1461.7787440808038 231.52300825954185 0
-1438.8595038815017 202.2185156949749 0
-1420.3335429987317 174.39503041276615 0
-1400.2868286785288 147.17607628085645 0
-1418.5812500826457 124.10977767266527 0
-1433.4995402233674 100.24005277030838 0
-1382.1032761003303 72.43296344023423 0
-1408.1416752699058 49.17339085382411 0
-1404.7860116947297 24.520631044383233 0
-1403.0 1.7181794592037367e-13 0
-1383.7892100964455 -24.154130509200552 0
-1371.1642146701995 -47.882109475831236 0
-1381.1046465655756 -72.38062748399095 0
-1386.6140298611556 -96.96149850433413 0
-1382.7182409513428 -120.97217093374923 0
-1359.5114309684295 -142.89040928688235 0
-1357.8031354453287 -166.71726177824152 0
-1380.4336878257488 -194.00730273833133 0
-1388.6898068767637 -219.9468578465644 0
-1313.7335425182855 -231.64666900768523 0
-1295.7478821509164 -251.86787389703903 0
-1257.897814543674 -267.3744343916387 0
-1261.8092338968797 -291.31161537530517 0
-1286.6121330419712 -320.7884335651591 0
-1284.6813489644608 -344.22932998635264 0
-1275.5942705101493 -365.7707711691577 0
-1355.0838391996213 -414.290705592118 0
-1360.9618748183648 -442.20331895054954 0
-1352.091563107023 -465.56246087373415 0
-1345.639832965421 -489.7728452423575 0
-1334.0864294645012 -512.1077999002343 0
-1301.7661318117696 -525.9476571559404 0
-1298.8323482213934 -551.321622298365 0
-1303.6293680559913 -580.4131896691669 0
-1361.2742961290485 -634.7726291345303 0
-1358.0778039580412 -662.3788027982961 0
-1352.5479037179425 -689.1575786046319 0
-1350.9098170741581 -718.291491062413 0
-1346.9143489946696 -746.6068151793589 0
-1338.875274250742 -773.0000000000002 0
-1341.4668255988058 -806.0345872342348 0
-1330.5874628694326 -831.4433255818983 0
-1323.422156217879 -859.4403972537127 0
-1325.631078515512 -894.1494526497239 0
-1313.9198790395428 -920.0166039070781 0
-1315.4616328536647 -955.7388202275612 0
-1314.554049537844 -990.5875281082716 0
-1300.2177434510913 -1015.841434287336 0
-1297.0566096716843 -1050.335732662179 0
-1287.720708883002 -1080.5259718830725 0
-1283.7609959589354 -1115.9564083128525 0
-1280.4385342975502 -1152.9120347563128 0
-1282.063038938406 -1195.5431251895595 0
-1270.3540873980578 -1226.7666822305894 0
-1265.7211383239203 -1265.72113832392 0
-1251.774383567113 -1296.2503202102494 0
-1250.10299399456 -1340.5713350679393 0
-1251.2742338910648 -1389.6808236427275 0
-1230.7667383861917 -1415.8351724979202 0
-1189.7998655297845 -1417.9482642132282 0
-1138.4405874091567 -1405.8570442756597 0
-1101.4183793576024 -1409.7512382024258 0
-1054.3799205623886 -1399.209413602857 0
-1006.2883519247142 -1385.03709436991 0
-968.7706009969173 -1383.5478028041068 0
-924.9050623406148 -1371.2281450060393 0
-895.3865735647043 -1378.7744137022771 0
-854.2298539439265 -1367.0535310041587 0
-813.7601583578861 -1354.3243351093372 0
-784.0000000000007 -1357.9278331339995 0
-747.5764344198514 -1348.6635884089485 0
-718.7609626251988 -1351.7927646670173 0
-684.6176736072367 -1343.6378384760587 0
-650.5427818349914 -1333.8103647079636 0
-623.3619360675312 -1336.803985879059 0
-589.7681324599101 -1324.6409135817714 0
-564.6064806670007 -1330.129513238776 0
-532.6905758374273 -1318.4554411939716 0
-502.4318652625116 -1308.8797579490767 0
-473.35587836272526 -1300.5345871676973 0
-447.9817805330475 -1301.03356002466 0
-421.19016333305353 -1296.2900317102942 0
-396.4560316040315 -1296.7492490858758 0
-368.8027820831445 -1286.1681491654708 0
-344.7469680765575 -1286.613200617039 0
-319.8207459827608 -1282.7309501368672 0
-295.3607343534951 -1279.3478950630138 0
-270.908933135541 -1274.5263237561487 0
-247.09764901262528 -1271.2072025647249 0
-223.13790830200548 -1265.4779626206873 0
-200.54898418157617 -1266.2164526429665 0
-176.88901132024367 -1258.6307153705359 0
-153.92098072070087 -1253.58578952299 0
-131.70586371724323 -1253.0975881640245 0
-109.11898992006813 -1247.2357620108655 0
-87.19559218015698 -1246.9550628247803 0
-65.10592956622271 -1242.29514123469 0
-43.17067742099344 -1236.2464530226214 0
-21.518817137170554 -1232.8122081278304 0
-2.2613103146255877e-13 -1231.0 0
21.4141026985464 -1226.813121956892 0
42.821682453969075 -1226.2525447524306 0
64.11154639760633 -1223.321180074353 0
85.1726544415769 -1218.0257053672456 0
106.06853892389965 -1212.3689475776544 0
127.21113979673369 -1210.3331466631887 0
147.94938289384928 -1204.951028092565 0
168.8169714645594 -1201.195167383525 0
190.06787502388028 -1200.0413338230924 0
210.9825358653199 -1196.541419909833 0
231.8329293825023 -1192.6770278889117 0
252.82061603439547 -1189.4274824923075 0
273.7654331364836 -1185.8083688436313 0
294.41894694479527 -1180.8498988778879 0
314.9827778897672 -1175.5317305937963 0
336.55321145255624 -1173.7005307406873 0
359.0324533995207 -1174.3422403226075 0
379.4728690924352 -1167.8974020104488 0
401.09996629121656 -1164.8788851383586 0
422.3948770072012 -1160.5203866705967 0
445.80972923435365 -1161.374050562519 0
466.7598153962263 -1155.2710827902172 0
488.41391061159186 -1150.6310668155506 0
509.2342771309013 -1143.7589129685366 0
535.4573376254664 -1148.2919661754354 0
558.9232121560736 -1145.962409031438 0
581.5618301663592 -1141.3793574852994 0
603.2709581798692 -1134.5876568237213 0
628.3132678392532 -1133.5071404526568 0
653.0000000000001 -1131.0291773424767 0
675.729954281991 -1124.6034985211713 0
700.5532673162966 -1121.1195831187954 0
725.4591946400155 -1117.1091965033052 0
750.4368764577425 -1112.5684223688659 0
778.3432241283695 -1111.5893241001618 0
801.1512988746406 -1102.6901633330535 0
830.5047319498261 -1102.1170038652645 0
858.8477580792936 -1099.275001281377 0
882.3071882518722 -1089.558637962673 0
911.4728305355127 -1086.251020342711 0
943.4128836883491 -1085.2723763603465 0
965.5554649758318 -1072.3579831638804 0
999.8095958516229 -1072.1645265737038 0
1034.346313613447 -1071.0969627042516 0
1057.8317446550748 -1057.8317446550752 0
1094.8351761154265 -1057.2700398385944 0
1122.627931985427 -1046.8674826959348 0
1161.5353622211671 -1045.8511377388952 0
1199.2335229739845 -1042.4777970659163 0
1224.9050645472455 -1027.8173878887767 0
1269.079355059233 -1027.6801985843852 0
1306.5218294799452 -1020.7667260899412 0
1341.7076568794519 -1011.0492388954411 0
1386.6551283586598 -1007.4639224292994 0
1435.9735336386022 -1005.4794929233846 0
1468.2255409949792 -990.3306320466921 0
1517.155057413272 -985.2520143421838 0
1570.585074081701 -981.4104773598957 0
1605.4743542150559 -964.6663143065321 0
1669.6969784963972 -964.0000000000009 0
1700.2607106789856 -942.4699017588789 0
1772.9587664607252 -942.6988980740688 0
1833.691426779661 -934.3124484639877 0
1825.4507080336077 -890.331799128617 0
1835.2732687492164 -855.8019800249159 0
1820.6960970817038 -810.6261296500697 0
1805.1100176202353 -766.2237429674661 0
1809.8628841143689 -731.2320703478609 0
1792.474418874627 -688.0664631269775 0
1795.7525983218711 -653.6004938953527 0
1785.1390707315102 -614.6726756151119 0
1774.6714594067564 -576.6257115036523 0
1777.7705413352826 -543.5189990795684 0
1767.7602588305685 -506.89709734746106 0
1762.8146329775498 -472.3447573121002 0
1759.1461517383816 -438.60439672219786 0
1749.9686363542824 -404.01209360158214 0
1749.9060577127782 -371.9540148729724 0
1738.461741885813 -337.9227308118606 0
1737.200876313535 -306.3153854044652 0
1735.368414425657 -274.8553550756861 0
1746.8328732601299 -245.50135009355623 0
1810.4041805937716 -222.28968237098854 0
1947.2738711310792 -204.6667310780654 0
2024.267626522427 -177.1004692632417 0
2210.6019353757706 -154.5803458169824 0
2339.7889999299664 -122.62314547721866 0
2336.5757535706457 -81.59502329044693 0
2331.6448251047045 -40.699011811745265 0
